# 39 iterations: lambda 0.0166556, LOO RMS 0.318621, and est. err. var. 5.99968e-12
1980.04 338.45 338.45 5.99963e-12
1980.12 339.15 339.15 5.99959e-12
1980.21 339.47 339.47 5.9996e-12
1980.29 339.86 339.86 5.9996e-12
1980.38 340.3 340.3 5.99959e-12
1980.46 339.87 339.87 5.9996e-12
1980.54 338.34 338.34 5.9996e-12
1980.62 337.12 337.12 5.99959e-12
1980.71 336.95 336.95 5.9996e-12
1980.79 337.72 337.72 5.9996e-12
1980.88 338.83 338.83 5.99959e-12
1980.96 339.54 339.54 5.9996e-12
1981.04 340.09 340.09 5.9996e-12
1981.12 340.65 340.65 5.99959e-12
1981.21 341.28 341.28 5.9996e-12
1981.29 341.56 341.56 5.9996e-12
1981.38 341.29 341.29 5.99959e-12
1981.46 340.49 340.49 5.9996e-12
1981.54 339.1 339.1 5.9996e-12
1981.62 337.95 337.95 5.99959e-12
1981.71 337.86 337.86 5.9996e-12
1981.79 338.95 338.95 5.9996e-12
1981.88 340.06 340.06 5.99959e-12
1981.96 340.63 340.63 5.9996e-12
1982.04 341.27 341.27 5.9996e-12
1982.12 341.85 341.85 5.99959e-12
1982.21 342.13 342.13 5.9996e-12
1982.29 342.42 342.42 5.9996e-12
1982.38 342.27 342.27 5.99959e-12
1982.46 341.39 341.39 5.9996e-12
1982.54 339.66 339.66 5.9996e-12
1982.62 338.02 338.02001 5.99959e-12
1982.71 338.08 338.08 5.9996e-12
1982.79 339.53 339.53 5.9996e-12
1982.88 340.86 340.86 5.99959e-12
1982.96 341.68 341.68 5.9996e-12
1983.04 342.27 342.27 5.9996e-12
1983.12 342.64 342.64 5.99959e-12
1983.21 342.93 342.93 5.9996e-12
1983.29 343.41 343.41 5.9996e-12
1983.38 343.74 343.74 5.99959e-12
1983.46 343.41 343.41 5.9996e-12
1983.54 342.06 342.06 5.9996e-12
1983.62 340.55 340.55001 5.99959e-12
1983.71 340.46 340.46 5.9996e-12
1983.79 341.67 341.67 5.9996e-12
1983.88 342.73 342.73 5.99959e-12
1983.96 343.39 343.39 5.9996e-12
1984.04 344.22 344.22 5.9996e-12
1984.12 344.74 344.74 5.99959e-12
1984.21 344.86 344.86 5.9996e-12
1984.29 345.09 345.09 5.9996e-12
1984.38 345.24 345.24 5.99959e-12
1984.46 344.47 344.47 5.9996e-12
1984.54 343.11 343.11 5.9996e-12
1984.62 342.13 342.13 5.99959e-12
1984.71 342.04 342.04 5.9996e-12
1984.79 342.91 342.91 5.9996e-12
1984.88 344.08 344.08 5.99959e-12
1984.96 344.92 344.92 5.9996e-12
1985.04 345.27 345.27 5.9996e-12
1985.12 345.71 345.71 5.99959e-12
1985.21 346.55 346.55 5.9996e-12
1985.29 346.84 346.84 5.9996e-12
1985.38 346.68 346.68 5.99959e-12
1985.46 346.18 346.18 5.9996e-12
1985.54 344.86 344.86 5.9996e-12
1985.62 343.36 343.36001 5.99959e-12
1985.71 343.3 343.3 5.9996e-12
1985.79 344.56 344.56 5.9996e-12
1985.88 345.69 345.69 5.99959e-12
1985.96 346.45 346.45 5.9996e-12
1986.04 347.01 347.01 5.9996e-12
1986.12 347.23 347.23 5.99959e-12
1986.21 347.61 347.61 5.9996e-12
1986.29 348.13 348.13 5.9996e-12
1986.38 348.23 348.23 5.99959e-12
1986.46 347.67 347.67 5.9996e-12
1986.54 346.21 346.21 5.9996e-12
1986.62 344.83 344.83001 5.99959e-12
1986.71 344.76 344.76 5.9996e-12
1986.79 345.95 345.95 5.9996e-12
1986.88 347.22 347.22 5.99959e-12
1986.96 347.67 347.67 5.9996e-12
1987.04 347.92 347.92 5.9996e-12
1987.12 348.47 348.47 5.99959e-12
1987.21 349.2 349.2 5.9996e-12
1987.29 349.89 349.89 5.9996e-12
1987.38 350.17 350.17 5.99959e-12
1987.46 349.4 349.4 5.9996e-12
1987.54 347.83 347.83 5.9996e-12
1987.62 346.59 346.59001 5.99959e-12
1987.71 346.64 346.64 5.9996e-12
1987.79 347.91 347.91 5.9996e-12
1987.88 349.19 349.19 5.99959e-12
1987.96 350.15 350.15 5.9996e-12
1988.04 350.87 350.87 5.9996e-12
1988.12 351.43 351.43 5.99959e-12
1988.21 351.81 351.81 5.9996e-12
1988.29 352.26 352.26 5.9996e-12
1988.38 352.43 352.43 5.99959e-12
1988.46 351.75 351.75 5.9996e-12
1988.54 350.27 350.27 5.9996e-12
1988.62 349.07 349.07001 5.99959e-12
1988.71 349.27 349.27 5.9996e-12
1988.79 350.45 350.45 5.9996e-12
1988.88 351.63 351.63 5.99959e-12
1988.96 352.48 352.48 5.9996e-12
1989.04 353.03 353.03 5.9996e-12
1989.12 353.49 353.49 5.99959e-12
1989.21 354.04 354.04 5.9996e-12
1989.29 354.42 354.42 5.9996e-12
1989.38 354.23 354.23 5.99959e-12
1989.46 353.29 353.29 5.9996e-12
1989.54 351.58 351.58 5.9996e-12
1989.62 350.19 350.19001 5.99959e-12
1989.71 350.52 350.52 5.9996e-12
1989.79 351.81 351.81 5.9996e-12
1989.88 352.98 352.98 5.99959e-12
1989.96 353.84 353.84 5.9996e-12
1990.04 354.39 354.39 5.9996e-12
1990.12 354.78 354.78 5.99959e-12
1990.21 355.08 355.08 5.9996e-12
1990.29 355.4 355.4 5.9996e-12
1990.38 355.31 355.31 5.99959e-12
1990.46 354.24 354.24 5.9996e-12
1990.54 352.63 352.63 5.9996e-12
1990.62 351.5 351.50001 5.99959e-12
1990.71 351.71 351.71 5.9996e-12
1990.79 353.1 353.1 5.9996e-12
1990.88 354.34 354.34 5.99959e-12
1990.96 355.09 355.09 5.9996e-12
1991.04 355.66 355.66 5.9996e-12
1991.12 356.08 356.08 5.99959e-12
1991.21 356.57 356.57 5.9996e-12
1991.29 357.08 357.08 5.9996e-12
1991.38 357 357 5.99959e-12
1991.46 356.08 356.08 5.9996e-12
1991.54 354.44 354.44 5.9996e-12
1991.62 352.95 352.95001 5.99959e-12
1991.71 352.82 352.82 5.9996e-12
1991.79 353.9 353.9 5.9996e-12
1991.88 355.06 355.06 5.99959e-12
1991.96 355.85 355.85 5.9996e-12
1992.04 356.42 356.42 5.9996e-12
1992.12 356.8 356.8 5.99959e-12
1992.21 357.16 357.16 5.9996e-12
1992.29 357.65 357.65 5.9996e-12
1992.38 357.73 357.73 5.99959e-12
1992.46 356.78 356.78 5.9996e-12
1992.54 355.09 355.09 5.9996e-12
1992.62 353.58 353.58001 5.99959e-12
1992.71 353.49 353.49 5.9996e-12
1992.79 354.7 354.7 5.9996e-12
1992.88 355.87 355.87 5.99959e-12
1992.96 356.63 356.63 5.9996e-12
1993.04 357.09 357.09 5.9996e-12
1993.12 357.42 357.42 5.99959e-12
1993.21 357.83 357.83 5.9996e-12
1993.29 358.29 358.29 5.9996e-12
1993.38 358.24 358.24 5.99959e-12
1993.46 357.22 357.22 5.9996e-12
1993.54 355.62 355.62 5.9996e-12
1993.62 354.33 354.33001 5.99959e-12
1993.71 354.35 354.35 5.9996e-12
1993.79 355.59 355.59 5.9996e-12
1993.88 356.83 356.83 5.99959e-12
1993.96 357.72 357.72 5.9996e-12
1994.04 358.34 358.34 5.9996e-12
1994.12 358.87 358.87 5.99959e-12
1994.21 359.22 359.22 5.9996e-12
1994.29 359.57 359.57 5.9996e-12
1994.38 359.61 359.61 5.99959e-12
1994.46 358.68 358.68 5.9996e-12
1994.54 357.16 357.16 5.9996e-12
1994.62 355.94 355.94 5.99959e-12
1994.71 355.9 355.9 5.9996e-12
1994.79 357.13 357.13 5.9996e-12
1994.88 358.57 358.57 5.99959e-12
1994.96 359.44 359.44 5.9996e-12
1995.04 360 360 5.9996e-12
1995.12 360.46 360.46 5.99959e-12
1995.21 360.89 360.89 5.9996e-12
1995.29 361.36 361.36 5.9996e-12
1995.38 361.32 361.32 5.99959e-12
1995.46 360.48 360.48 5.9996e-12
1995.54 358.84 358.84 5.9996e-12
1995.62 357.56 357.56001 5.99959e-12
1995.71 357.9 357.9 5.9996e-12
1995.79 359.29 359.29 5.9996e-12
1995.88 360.62 360.62 5.99959e-12
1995.96 361.5 361.5 5.9996e-12
1996.04 361.99 361.99 5.9996e-12
1996.12 362.35 362.35 5.99959e-12
1996.21 362.67 362.67 5.9996e-12
1996.29 363 363 5.9996e-12
1996.38 363.14 363.14 5.99959e-12
1996.46 362.74 362.74 5.9996e-12
1996.54 361.43 361.43 5.9996e-12
1996.62 359.92 359.92 5.99959e-12
1996.71 359.55 359.55 5.9996e-12
1996.79 360.52 360.52 5.9996e-12
1996.88 361.63 361.63 5.99959e-12
1996.96 362.49 362.49 5.9996e-12
1997.04 363.13 363.13 5.9996e-12
1997.12 363.51 363.51 5.99959e-12
1997.21 363.87 363.87 5.9996e-12
1997.29 364.34 364.34 5.9996e-12
1997.38 364.38 364.38 5.99959e-12
1997.46 363.49 363.49 5.9996e-12
1997.54 361.81 361.81 5.9996e-12
1997.62 360.28 360.28001 5.99959e-12
1997.71 360.27 360.27 5.9996e-12
1997.79 361.78 361.78 5.9996e-12
1997.88 363.46 363.46 5.99959e-12
1997.96 364.51 364.51 5.9996e-12
1998.04 365.07 365.07 5.9996e-12
1998.12 365.44 365.44 5.99959e-12
1998.21 365.82 365.82 5.9996e-12
1998.29 366.4 366.4 5.9996e-12
1998.38 366.71 366.71 5.99959e-12
1998.46 366.11 366.11 5.9996e-12
1998.54 364.68 364.68 5.9996e-12
1998.62 363.63 363.63001 5.99959e-12
1998.71 363.86 363.86 5.9996e-12
1998.79 365.16 365.16 5.9996e-12
1998.88 366.42 366.42 5.99959e-12
1998.96 367.28 367.28 5.9996e-12
1999.04 367.95 367.95 5.9996e-12
1999.12 368.34 368.34 5.99959e-12
1999.21 368.73 368.73 5.9996e-12
1999.29 369.12 369.12 5.9996e-12
1999.38 369.03 369.03 5.99959e-12
1999.46 368.19 368.19 5.9996e-12
1999.54 366.53 366.53 5.9996e-12
1999.62 365.16 365.16001 5.99959e-12
1999.71 365.27 365.27 5.9996e-12
1999.79 366.58 366.58 5.9996e-12
1999.88 367.89 367.89 5.99959e-12
1999.96 368.72 368.72 5.9996e-12
2000.04 369.21 369.21 5.9996e-12
2000.12 369.46 369.46 5.99959e-12
2000.21 369.78 369.78 5.9996e-12
2000.29 370.18 370.18 5.9996e-12
2000.38 370.08 370.08 5.99959e-12
2000.46 369.17 369.17 5.9996e-12
2000.54 367.79 367.79 5.9996e-12
2000.62 366.63 366.63 5.99959e-12
2000.71 366.56 366.56 5.9996e-12
2000.79 367.78 367.78 5.9996e-12
2000.88 369.12 369.12 5.99959e-12
2000.96 369.92 369.92 5.9996e-12
2001.04 370.52 370.52 5.9996e-12
2001.12 371.01 371.01 5.99959e-12
2001.21 371.41 371.41 5.9996e-12
2001.29 371.73 371.73 5.9996e-12
2001.38 371.63 371.63 5.99959e-12
2001.46 370.68 370.68 5.9996e-12
2001.54 369.29 369.29 5.9996e-12
2001.62 368.16 368.16 5.99959e-12
2001.71 368.2 368.2 5.9996e-12
2001.79 369.56 369.56 5.9996e-12
2001.88 370.88 370.88 5.99959e-12
2001.96 371.79 371.79 5.9996e-12
2002.04 372.34 372.34 5.9996e-12
2002.12 372.73 372.73 5.99959e-12
2002.21 373.21 373.21 5.9996e-12
2002.29 373.55 373.55 5.9996e-12
2002.38 373.53 373.53 5.99959e-12
2002.46 372.66 372.66 5.9996e-12
2002.54 371.25 371.25 5.9996e-12
2002.62 370.2 370.20001 5.99959e-12
2002.71 370.52 370.52 5.9996e-12
2002.79 371.79 371.79 5.9996e-12
2002.88 373.12 373.12 5.99959e-12
2002.96 374.09 374.09 5.9996e-12
2003.04 374.79 374.79 5.9996e-12
2003.12 375.3 375.3 5.99959e-12
2003.21 375.73 375.73 5.9996e-12
2003.29 376.2 376.2 5.9996e-12
2003.38 376.33 376.33 5.99959e-12
2003.46 375.5 375.5 5.9996e-12
2003.54 373.98 373.98 5.9996e-12
2003.62 372.74 372.74001 5.99959e-12
2003.71 372.92 372.92 5.9996e-12
2003.79 374.21 374.21 5.9996e-12
2003.88 375.5 375.5 5.99959e-12
2003.96 376.34 376.34 5.9996e-12
2004.04 377.02 377.02 5.9996e-12
2004.12 377.53 377.53 5.99959e-12
2004.21 377.96 377.96 5.9996e-12
2004.29 378.3 378.3 5.9996e-12
2004.38 378.24 378.24 5.99959e-12
2004.46 377.36 377.36 5.9996e-12
2004.54 375.82 375.82 5.9996e-12
2004.62 374.35 374.35001 5.99959e-12
2004.71 374.23 374.23 5.9996e-12
2004.79 375.56 375.56 5.9996e-12
2004.88 377.03 377.03 5.99959e-12
2004.96 377.99 377.99 5.9996e-12
2005.04 378.56 378.56 5.9996e-12
2005.12 379.09 379.09 5.99959e-12
2005.21 379.7 379.7 5.9996e-12
2005.29 380.16 380.16 5.9996e-12
2005.38 380.27 380.27 5.99959e-12
2005.46 379.45 379.45 5.9996e-12
2005.54 377.78 377.78 5.9996e-12
2005.62 376.55 376.55001 5.99959e-12
2005.71 376.58 376.58 5.9996e-12
2005.79 377.89 377.89 5.9996e-12
2005.88 379.36 379.36 5.99959e-12
2005.96 380.34 380.34 5.9996e-12
2006.04 381.09 381.09 5.9996e-12
2006.12 381.72 381.72 5.99959e-12
2006.21 382.11 382.11 5.9996e-12
2006.29 382.45 382.45 5.9996e-12
2006.38 382.41 382.41 5.99959e-12
2006.46 381.55 381.55 5.9996e-12
2006.54 379.88 379.88 5.9996e-12
2006.62 378.3 378.30001 5.99959e-12
2006.71 378.42 378.42 5.9996e-12
2006.79 379.84 379.84 5.9996e-12
2006.88 381.21 381.21 5.99959e-12
2006.96 382.17 382.17 5.9996e-12
2007.04 382.81 382.81 5.9996e-12
2007.12 383.32 383.32 5.99959e-12
2007.21 383.78 383.78 5.9996e-12
2007.29 384.04 384.04 5.9996e-12
2007.38 383.91 383.91 5.99959e-12
2007.46 383.07 383.07 5.9996e-12
2007.54 381.36 381.36 5.9996e-12
2007.62 380.06 380.06001 5.99959e-12
2007.71 380.45 380.45 5.9996e-12
2007.79 381.86 381.86 5.9996e-12
2007.88 383.2 383.2 5.99959e-12
2007.96 384.21 384.21 5.9996e-12
2008.04 384.98 384.98 5.9996e-12
2008.12 385.49 385.49 5.99959e-12
2008.21 385.89 385.89 5.9996e-12
2008.29 386.29 386.29 5.9996e-12
2008.38 386.26 386.26 5.99959e-12
2008.46 385.34 385.34 5.9996e-12
2008.54 383.86 383.86 5.9996e-12
2008.62 382.53 382.53 5.99959e-12
2008.71 382.3 382.3 5.9996e-12
2008.79 383.43 383.43 5.9996e-12
2008.88 384.92 384.92 5.99959e-12
2008.96 386.01 386.01 5.9996e-12
2009.04 386.8 386.8 5.9996e-12
2009.12 387.26 387.26 5.99959e-12
2009.21 387.49 387.49 5.9996e-12
2009.29 387.77 387.77 5.9996e-12
2009.38 387.74 387.74 5.99959e-12
2009.46 386.74 386.74 5.9996e-12
2009.54 384.8 384.8 5.9996e-12
2009.62 383.42 383.42001 5.99959e-12
2009.71 383.72 383.72 5.9996e-12
2009.79 385.28 385.28 5.9996e-12
2009.88 386.74 386.74 5.99959e-12
2009.96 387.63 387.63 5.9996e-12
2010.04 388.42 388.42 5.9996e-12
2010.12 389.13 389.13 5.99959e-12
2010.21 389.47 389.47 5.9996e-12
2010.29 389.77 389.77 5.9996e-12
2010.38 389.74 389.74 5.99959e-12
2010.46 388.8 388.8 5.9996e-12
2010.54 387.16 387.16 5.9996e-12
2010.62 386.04 386.04001 5.99959e-12
2010.71 386.51 386.51 5.9996e-12
2010.79 388.06 388.06 5.9996e-12
2010.88 389.44 389.44 5.99959e-12
2010.96 390.19 390.19 5.9996e-12
2011.04 390.74 390.74 5.9996e-12
2011.12 391.15 391.15 5.99959e-12
2011.21 391.46 391.46 5.9996e-12
2011.29 391.84 391.84 5.9996e-12
2011.38 391.87 391.87 5.99959e-12
2011.46 390.94 390.94 5.9996e-12
2011.54 389 389 5.9996e-12
2011.62 387.66 387.66001 5.99959e-12
2011.71 388.08 388.08 5.9996e-12
2011.79 389.65 389.65 5.9996e-12
2011.88 391 391 5.99959e-12
2011.96 391.85 391.85 5.9996e-12
2012.04 392.42 392.42 5.9996e-12
2012.12 393 393 5.99959e-12
2012.21 393.53 393.53 5.9996e-12
2012.29 393.8 393.8 5.9996e-12
2012.38 393.68 393.68 5.99959e-12
2012.46 392.63 392.63 5.9996e-12
2012.54 390.8 390.8 5.9996e-12
2012.62 389.69 389.69001 5.99959e-12
2012.71 390.36 390.36 5.9996e-12
2012.79 391.97 391.97 5.9996e-12
2012.88 393.37 393.37 5.99959e-12
2012.96 394.18 394.18 5.9996e-12
2013.04 394.86 394.86 5.9996e-12
2013.12 395.49 395.49 5.99959e-12
2013.21 396.07 396.07 5.9996e-12
2013.29 396.52 396.52 5.9996e-12
2013.38 396.53 396.53 5.99959e-12
2013.46 395.74 395.74 5.9996e-12
2013.54 394.27 394.27 5.9996e-12
2013.62 393.05 393.05 5.99959e-12
2013.71 393.01 393.01 5.9996e-12
2013.79 394.31 394.31 5.9996e-12
2013.88 395.76 395.76 5.99959e-12
2013.96 396.65 396.65 5.9996e-12
2014.04 397.28 397.28 5.9996e-12
2014.12 397.73 397.73 5.99959e-12
2014.21 398.03 398.03 5.9996e-12
2014.29 398.39 398.39 5.9996e-12
2014.38 398.46 398.46 5.99959e-12
2014.46 397.5 397.5 5.9996e-12
2014.54 395.91 395.91 5.9996e-12
2014.62 394.8 394.8 5.99959e-12
2014.71 394.89 394.89 5.9996e-12
2014.79 396.15 396.15 5.9996e-12
2014.88 397.63 397.63 5.99959e-12
2014.96 398.6 398.6 5.9996e-12
2015.04 399.31 399.31 5.9996e-12
2015.12 399.86 399.86 5.99959e-12
2015.21 400.3 400.3 5.9996e-12
2015.29 400.69 400.69 5.9996e-12
2015.38 400.64 400.64 5.99959e-12
2015.46 399.79 399.79 5.9996e-12
2015.54 398.12 398.12 5.9996e-12
2015.62 396.84 396.84001 5.99959e-12
2015.71 397.15 397.15 5.9996e-12
2015.79 398.6 398.6 5.9996e-12
2015.88 400.15 400.15 5.99959e-12
2015.96 401.43 401.43 5.9996e-12
2016.04 402.39 402.39 5.9996e-12
2016.12 402.95 402.95 5.99959e-12
2016.21 403.52 403.52 5.9996e-12
2016.29 404.07 404.07 5.9996e-12
2016.38 404.19 404.19 5.99959e-12
2016.46 403.38 403.38 5.9996e-12
2016.54 401.72 401.72 5.9996e-12
2016.62 400.44 400.44001 5.99959e-12
2016.71 400.72 400.72 5.99963e-12
