# 43 iterations: lambda 0.330682, LOO RMS 37.0655, and est. err. var. 671.57
1961.12 1550 1559.2813 241.195
1961.38 1570 1561.0419 177.493
1961.62 1565 1559.8649 150.714
1961.88 1553 1556.1072 144.186
1962.12 1549 1553.7821 143.295
1962.38 1546 1557.0405 143.227
1962.62 1565 1565.8899 143.224
1962.88 1588 1576.4175 143.224
1963.12 1575 1587.9427 143.224
1963.38 1590 1604.4781 143.224
1963.62 1642 1624.8568 143.224
1963.88 1644 1642.4459 143.224
1964.12 1658 1655.0118 143.224
1964.38 1663 1664.7813 143.224
1964.62 1676 1672.6386 143.224
1964.88 1686 1677.3674 143.224
1965.12 1675 1680.0797 143.224
1965.38 1673 1685.9534 143.224
1965.62 1699 1698.4408 143.224
1965.88 1704 1713.4581 143.224
1966.12 1771 1719.9929 143.224
1966.38 1699 1712.6579 143.224
1966.62 1688 1701.4108 143.224
1966.88 1695 1697.9442 143.224
1967.12 1688 1705.4291 143.224
1967.38 1719 1721.0517 143.224
1967.62 1760 1736.9622 143.224
1967.88 1737 1747.007 143.224
1968.12 1762 1750.5723 143.224
1968.38 1762 1747.202 143.224
1968.62 1727 1739.7475 143.224
1968.88 1723 1736.2216 143.224
1969.12 1741 1739.4516 143.224
1969.38 1754 1744.287 143.224
1969.62 1744 1747.8314 143.224
1969.88 1743 1755.3107 143.224
1970.12 1750 1772.4026 143.224
1970.38 1821 1793.3018 143.224
1970.62 1823 1804.36 143.224
1970.88 1808 1803.1766 143.224
1971.12 1764 1803.034 143.224
1971.38 1822 1814.6222 143.224
1971.62 1832 1836.4572 143.224
1971.88 1851 1867.505 143.224
1972.12 1885 1909.0069 143.224
1972.38 2004 1951.6695 143.224
1972.62 1973 1984.7348 143.224
1972.88 2001 2013.0701 143.224
1973.12 2046 2043.9223 143.224
1973.38 2088 2072.0133 143.224
1973.62 2105 2086.6722 143.224
1973.88 2109 2083.4059 143.224
1974.12 2052 2071.7322 143.224
1974.38 2028 2069.9511 143.224
1974.62 2104 2083.3085 143.224
1974.88 2099 2098.2946 143.224
1975.12 2139 2101.5042 143.224
1975.38 2071 2092.5649 143.224
1975.62 2091 2080.2673 143.224
1975.88 2053 2071.6453 143.224
1976.12 2075 2069.4174 143.224
1976.38 2050 2071.9721 143.224
1976.62 2116 2069.937 143.224
1976.88 2062 2054.2064 143.224
1977.12 2009 2033.8754 143.224
1977.38 1993 2030.3234 143.224
1977.62 2032 2052.575 143.224
1977.88 2116 2090.1859 143.224
1978.12 2112 2130.7343 143.224
1978.38 2174 2170.8301 143.224
1978.62 2230 2206.9557 143.224
1978.88 2229 2236.2791 143.224
1979.12 2258 2263.1363 143.224
1979.38 2298 2292.1979 143.224
1979.62 2301 2322.1172 143.224
1979.88 2404 2344.0515 143.224
1980.12 2336 2351.7558 143.224
1980.38 2340 2353.0164 143.224
1980.62 2373 2354.5245 143.224
1980.88 2350 2352.5927 143.224
1981.12 2359 2344.3099 143.224
1981.38 2323 2332.6947 143.224
1981.62 2313 2323.7633 143.224
1981.88 2327 2320.7316 143.224
1982.12 2303 2323.2037 143.224
1982.38 2346 2328.7854 143.224
1982.62 2329 2334.4508 143.224
1982.88 2338 2342.9457 143.224
1983.12 2327 2360.2 143.224
1983.38 2421 2382.7944 143.224
1983.62 2396 2401.2654 143.224
1983.88 2406 2415.1586 143.224
1984.12 2446 2429.8614 143.224
1984.38 2414 2451.3249 143.224
1984.62 2482 2483.976 143.224
1984.88 2537 2521.1697 143.224
1985.12 2565 2550.9258 143.224
1985.38 2574 2570.8482 143.224
1985.62 2574 2589.1082 143.224
1985.88 2608 2614.7502 143.224
1986.12 2631 2647.8195 143.224
1986.38 2730 2676.1163 143.224
1986.62 2684 2688.5849 143.224
1986.88 2691 2691.9071 143.224
1987.12 2668 2701.6879 143.224
1987.38 2731 2723.809 143.224
1987.62 2756 2752.7781 143.224
1987.88 2771 2784.8307 143.224
1988.12 2821 2820.4542 143.224
1988.38 2865 2856.5389 143.224
1988.62 2896 2889.0973 143.224
1988.88 2907 2920.6035 143.224
1989.12 2953 2956.8935 143.224
1989.38 2988 2997.8584 143.224
1989.62 3077 3036.0723 143.224
1989.88 3033 3067.0971 143.224
1990.12 3129 3092.8062 143.224
1990.38 3098 3115.5854 143.224
1990.62 3129 3139.5489 143.224
1990.88 3181 3163.7423 143.224
1991.12 3205 3181.9739 143.224
1991.38 3151 3197.9901 143.224
1991.62 3243 3219.0595 143.224
1991.88 3243 3241.8741 143.224
1992.12 3254 3262.7467 143.224
1992.38 3291 3281.3031 143.224
1992.62 3309 3294.1296 143.224
1992.88 3301 3302.8183 143.224
1993.12 3272 3318.9181 143.224
1993.38 3368 3346.7062 143.224
1993.62 3390 3373.6315 143.224
1993.88 3398 3389.5164 143.224
1994.12 3393 3399.1258 143.224
1994.38 3389 3412.282 143.224
1994.62 3455 3430.8511 143.224
1994.88 3432 3450.6013 143.224
1995.12 3483 3469.8997 143.224
1995.38 3483 3488.9332 143.224
1995.62 3509 3509.6278 143.224
1995.88 3517 3535.0472 143.224
1996.12 3582 3563.4742 143.224
1996.38 3585 3588.4238 143.224
1996.62 3635 3608.6498 143.224
1996.88 3569 3634.843 143.224
1997.12 3689 3674.6342 143.224
1997.38 3747 3713.5531 143.224
1997.62 3761 3734.3876 143.224
1997.88 3711 3743.1931 143.224
1998.12 3753 3756.8363 143.224
1998.38 3769 3777.5786 143.224
1998.62 3843 3793.8091 143.224
1998.88 3782 3806.1167 143.224
1999.12 3743 3836.3841 143.224
1999.38 3959 3890.4099 143.224
1999.62 3934 3946.6981 143.224
1999.88 4004 3995.091 143.224
2000.12 4028 4043.5348 143.224
2000.38 4085 4097.9472 143.224
2000.62 4183 4152.6038 143.224
2000.88 4202 4197.2387 143.224
2001.12 4242 4231.5199 143.224
2001.38 4238 4265.0493 143.224
2001.62 4306 4303.5381 143.224
2001.88 4371 4340.7212 143.224
2002.12 4351 4370.0352 143.224
2002.38 4416 4391.6322 143.224
2002.62 4409 4406.7099 143.224
2002.88 4404 4420.8285 143.224
2003.12 4430 4440.4179 143.224
2003.38 4489 4461.3235 143.224
2003.62 4469 4474.5061 143.224
2003.88 4506 4479.1737 143.224
2004.12 4437 4484.5785 143.224
2004.38 4507 4497.3801 143.224
2004.62 4543 4509.5165 143.224
2004.88 4499 4515.7353 143.224
2005.12 4494 4526.5882 143.224
2005.38 4566 4546.0902 143.224
2005.62 4578 4561.4742 143.224
2005.88 4587 4565.2027 143.224
2006.12 4512 4568.8006 143.224
2006.38 4593 4583.4451 143.224
2006.62 4635 4601.3447 143.224
2006.88 4585 4616.1829 143.224
2007.12 4630 4636.2536 143.224
2007.38 4657 4663.2466 143.224
2007.62 4724 4681.1047 143.224
2007.88 4724 4673.3487 143.224
2008.12 4590 4646.8926 143.224
2008.38 4646 4621.3577 143.224
2008.62 4581 4604.2329 143.224
2008.88 4603 4600.5012 143.224
2009.12 4529 4620.9174 143.224
2009.38 4733 4659.7475 143.224
2009.62 4695 4690.6098 143.224
2009.88 4723 4699.4844 143.224
2010.12 4694 4693.6861 143.224
2010.38 4658 4684.5105 143.224
2010.62 4714 4671.3399 143.224
2010.88 4663 4645.6179 143.224
2011.12 4576 4612.7449 143.224
2011.38 4589 4586.2783 143.224
2011.62 4572 4570.2452 143.224
2011.88 4530 4569.037 143.224
2012.12 4557 4589.0031 143.224
2012.38 4664 4617.3796 143.224
2012.62 4660 4627.8686 143.224
2012.88 4635 4614.9605 143.224
2013.12 4521 4602.4553 143.224
2013.38 4626 4607.6555 143.224
2013.62 4654 4616.6461 143.224
2013.88 4611 4616.3771 143.224
2014.12 4569 4618.668 143.224
2014.38 4661 4634.1068 143.224
2014.62 4636 4656.4988 143.224
2014.88 4706 4679.5558 143.224
2015.12 4666 4706.6162 143.227
2015.38 4743 4741.7215 143.295
2015.62 4811 4776.9321 144.186
2015.88 4793 4802.6701 150.714
2016.12 4827 4820.1095 177.493
2016.38 4852 4832.5327 241.195
