# 26 iterations: lambda 0.724359, LOO RMS 1.33296, and est. err. var. 0.358631
1 1.6059738 1.8288246 0.207917
2 2.4869686 1.8411144 0.144701
3 0.43433894 1.0554467 0.141251
4 1.2847652 0.76561955 0.141222
5 -0.36992565 0.3197681 0.141222
6 1.1442775 0.62574103 0.141222
7 0.15568916 0.77822768 0.141222
8 2.0747713 1.4472262 0.141222
9 1.0670597 1.5806661 0.141222
10 2.5433086 1.8488365 0.141222
11 0.83241214 1.3470038 0.141222
12 1.6092398 0.98364979 0.141222
13 -0.53325836 0.092174266 0.141222
14 0.24296862 -0.27178035 0.141222
15 -1.4691288 -0.77481375 0.141222
16 0.0053196377 -0.50844351 0.141222
17 -1.0047908 -0.37740207 0.141222
18 0.91129563 0.28860124 0.141222
19 -0.080883409 0.43749778 0.141222
20 1.4291363 0.73928799 0.141222
21 -0.23032798 0.28866354 0.141222
22 0.61473775 -0.0067455877 0.141222
23 -1.4438361 -0.81465465 0.141222
24 -0.5693654 -1.0807823 0.141222
25 -2.1704915 -1.4733136 0.141222
26 -0.5741365 -1.0855509 0.141222
27 -1.453369 -0.82418263 0.141222
28 0.60046176 -0.021014246 0.141222
29 -0.24931911 0.26968217 0.141222
30 1.4054673 0.71563116 0.141222
31 -0.10918379 0.40921201 0.141222
32 0.87841966 0.25574229 0.141222
33 -1.0421774 -0.41476922 0.141222
34 -0.036503408 -0.55024474 0.141222
35 -1.515305 -0.82096581 0.141222
36 0.1925315 -0.32219092 0.141222
37 -0.58785502 0.037606497 0.141222
38 1.5505939 0.92503509 0.141222
39 0.76983612 1.2844613 0.141222
40 2.4769304 1.7824941 0.141222
41 0.99701605 1.5106605 0.141222
42 2.0012075 1.3737027 0.141222
43 0.078758961 0.70133999 0.141222
44 1.0641432 0.54565146 0.141222
45 -0.45309336 0.23664726 0.141222
46 1.1987429 0.67964657 0.141222
47 0.34564904 0.96703054 0.141222
48 2.3958061 1.7665258 0.141222
49 1.5125415 2.0238627 0.141222
50 3.1045085 2.4072381 0.141222
51 1.4986413 2.0099665 0.141222
52 2.3680209 1.7387485 0.141222
53 0.30400899 0.92540235 0.141222
54 1.1432932 0.6242127 0.141222
55 -0.52229235 0.16746799 0.141222
56 0.98127022 0.46280208 0.141222
57 -0.017697859 0.60491072 0.141222
58 1.891272 1.2637986 0.141222
59 0.87372188 1.3874016 0.141222
60 2.3404123 1.6460151 0.141222
61 0.6202434 1.1349116 0.141222
62 1.3880905 0.7625785 0.141222
63 -0.76309053 -0.1375785 0.141222
64 0.0047565997 -0.50991158 0.141222
65 -1.7154123 -1.0210151 0.141222
66 -0.24872188 -0.76240162 0.141222
67 -1.266272 -0.6387986 0.141222
68 0.64269786 0.020089283 0.141222
69 -0.35627022 0.16219792 0.141222
70 1.1472923 0.45753201 0.141222
71 -0.51829324 0.00078730111 0.141222
72 0.32099101 -0.30040235 0.141222
73 -1.7430209 -1.1137485 0.141222
74 -0.87364133 -1.3849665 0.141222
75 -2.4795085 -1.7822381 0.141222
76 -0.88754147 -1.3988627 0.141222
77 -1.7708061 -1.1415258 0.141222
78 0.27935096 -0.34203054 0.141222
79 -0.5737429 -0.054646567 0.141222
80 1.0780934 0.38835274 0.141222
81 -0.43914324 0.079348536 0.141222
82 0.54624104 -0.076339992 0.141222
83 -1.3762075 -0.74870265 0.141222
84 -0.37201605 -0.88566049 0.141222
85 -1.8519304 -1.1574941 0.141222
86 -0.14483612 -0.65946133 0.141222
87 -0.92559387 -0.30003509 0.141222
88 1.212855 0.5873935 0.141222
89 0.4324685 0.94719092 0.141222
90 2.140305 1.4459658 0.141222
91 0.66150341 1.1752447 0.141222
92 1.6671774 1.0397692 0.141222
93 -0.25341966 0.36925771 0.141222
94 0.73418379 0.21578799 0.141222
95 -0.78046732 -0.090631158 0.141222
96 0.87431911 0.35531783 0.141222
97 0.024538236 0.64601425 0.141222
98 2.078369 1.4491826 0.141222
99 1.1991365 1.7105509 0.141222
100 2.7954915 2.0983136 0.141222
101 1.1943654 1.7057823 0.141222
102 2.0688361 1.4396546 0.141222
103 0.010262251 0.63174559 0.141222
104 0.85532798 0.33633646 0.141222
105 -0.80413635 -0.11428799 0.141222
106 0.70588341 0.18750222 0.141222
107 -0.28629563 0.33639876 0.141222
108 1.6297908 1.0024021 0.141222
109 0.61968036 1.1334435 0.141222
110 2.0941288 1.3998137 0.141222
111 0.38203138 0.89678035 0.141222
112 1.1582584 0.53282573 0.141222
113 -0.98423979 -0.35864979 0.141222
114 -0.20741214 -0.72200384 0.141222
115 -1.9183086 -1.2238365 0.141222
116 -0.44205972 -0.9556661 0.141222
117 -1.4497713 -0.8222262 0.141222
118 0.46931084 -0.15322768 0.141222
119 -0.51927751 -0.0007410262 0.141222
120 0.99492565 0.3052319 0.141222
121 -0.65976519 -0.14061987 0.141222
122 0.19066106 -0.43066936 0.141222
123 -1.8619686 -1.2326352 0.141222
124 -0.98097379 -1.4922398 0.141222
125 -2.575 -1.8776724 0.141222
126 -0.97097379 -1.4822398 0.141222
127 -1.8419686 -1.2126352 0.141222
128 0.22066106 -0.40066936 0.141222
129 -0.61976519 -0.10061987 0.141222
130 1.0449257 0.3552319 0.141222
131 -0.45927751 0.059258974 0.141222
132 0.53931084 -0.083227676 0.141222
133 -1.3697713 -0.7422262 0.141222
134 -0.35205972 -0.8656661 0.141222
135 -1.8183086 -1.1238365 0.141222
136 -0.097412145 -0.61200384 0.141222
137 -0.86423979 -0.23864979 0.141222
138 1.2882584 0.66282573 0.141222
139 0.52203138 1.0367803 0.141222
140 2.2441288 1.5498137 0.141222
141 0.77968036 1.2934435 0.141222
142 1.7997908 1.1724021 0.141222
143 -0.10629563 0.51639876 0.141222
144 0.89588341 0.37750222 0.141222
145 -0.60413635 0.085712006 0.141222
146 1.065328 0.54633646 0.141222
147 0.23026225 0.85174559 0.141222
148 2.2988361 1.6696546 0.141222
149 1.4343654 1.9457823 0.141222
150 3.0454915 2.3483136 0.141222
151 1.4591365 1.9705509 0.141222
152 2.348369 1.7191826 0.141222
153 0.30453824 0.92601425 0.141222
154 1.1643191 0.64531783 0.141222
155 -0.48046732 0.20936884 0.141222
156 1.0441838 0.52578799 0.141222
157 0.066580342 0.68925771 0.141222
158 1.9971774 1.3697692 0.141222
159 1.0015034 1.5152447 0.141222
160 2.490305 1.7959658 0.141222
161 0.7924685 1.3071909 0.141222
162 1.582855 0.9573935 0.141222
163 -0.54559387 0.079964914 0.141222
164 0.24516388 -0.26946133 0.141222
165 -1.4519304 -0.75749412 0.141222
166 0.037983947 -0.47566049 0.141222
167 -0.95620746 -0.32870265 0.141222
168 0.97624104 0.35366001 0.141222
169 0.00085675891 0.51934854 0.141222
170 1.5280934 0.83835274 0.141222
171 -0.1137429 0.40535343 0.141222
172 0.74935096 0.12796946 0.141222
173 -1.2908061 -0.66152582 0.141222
174 -0.39754147 -0.90886268 0.141222
175 -1.9795085 -1.2822381 0.141222
176 -0.36364133 -0.87496649 0.141222
177 -1.2230209 -0.59374854 0.141222
178 0.85099101 0.22959765 0.141222
179 0.021706759 0.5407873 0.141222
180 1.6972923 1.007532 0.141222
181 0.20372978 0.72219792 0.141222
182 1.2126979 0.59008928 0.141222
183 -0.68627198 -0.058798603 0.141222
184 0.34127812 -0.17240162 0.141222
185 -1.1154123 -0.42101513 0.141222
186 0.6147566 0.10008842 0.141222
187 -0.14309053 0.4824215 0.141222
188 2.0180905 1.3925785 0.141222
189 1.2602434 1.7749116 0.141222
190 2.9904123 2.2960151 0.141222
191 1.5337219 2.0474016 0.141222
192 2.561272 1.9337986 0.141222
193 0.66230214 1.2849107 0.141222
194 1.6712702 1.1528021 0.141222
195 0.17770765 0.86746799 0.141222
196 1.8532932 1.3342127 0.141222
197 1.024009 1.6454023 0.141222
198 3.0980209 2.4687485 0.141222
199 2.2386413 2.7499665 0.141222
200 3.8545085 3.1572381 0.141222
201 2.2725415 2.7838627 0.141222
202 3.1658061 2.5365258 0.141222
203 1.125649 1.7470305 0.141222
204 1.9887429 1.4696466 0.141222
205 0.34690664 1.0366473 0.141222
206 1.8741432 1.3556515 0.141222
207 0.89875896 1.52134 0.141222
208 2.8312075 2.2037027 0.141222
209 1.8370161 2.3506605 0.141222
210 3.3269304 2.6324941 0.141222
211 1.6298361 2.1444613 0.141222
212 2.4205939 1.7950351 0.141222
213 0.29214498 0.9176065 0.141222
214 1.0825315 0.56780908 0.141222
215 -0.615305 0.079034193 0.141222
216 0.87349659 0.35975526 0.141222
217 -0.12217739 0.50523078 0.141222
218 1.8084197 1.1857423 0.141222
219 0.83081621 1.349212 0.141222
220 2.3554673 1.6656312 0.141222
221 0.71068089 1.2296822 0.141222
222 1.5704618 0.94898575 0.141222
223 -0.473369 0.15581737 0.141222
224 0.4158635 -0.095550939 0.141222
225 -1.1704915 -0.47331361 0.141222
226 0.4406346 -0.070782284 0.141222
227 -0.42383614 0.20534535 0.141222
228 1.6447377 1.0232544 0.141222
229 0.80967202 1.3286635 0.141222
230 2.4791363 1.789288 0.141222
231 0.97911659 1.4974978 0.141222
232 1.9812956 1.3586012 0.141222
233 0.075209196 0.70259793 0.141222
234 1.0953196 0.58155649 0.141222
235 -0.36912875 0.32518625 0.141222
236 1.3529686 0.83821965 0.141222
237 0.58674164 1.2121743 0.141222
238 2.7392398 2.1136498 0.141222
239 1.9724121 2.4870038 0.141222
240 3.6933086 2.9988365 0.141222
241 2.2270597 2.7406661 0.141222
242 3.2447713 2.6172262 0.141222
243 1.3356892 1.9582277 0.141222
244 2.3342775 1.815741 0.141222
245 0.83007435 1.5197681 0.141222
246 2.4947652 1.9756199 0.141222
247 1.6543389 2.2756694 0.141222
248 3.7169686 3.0876352 0.141222
249 2.8459738 3.3572398 0.141222
250 4.45 3.7526724 0.141222
251 2.8559738 3.3672398 0.141222
252 3.7369686 3.1076352 0.141222
253 1.6843389 2.3056694 0.141222
254 2.5347652 2.0156199 0.141222
255 0.88007435 1.5697681 0.141222
256 2.3942775 1.875741 0.141222
257 1.4056892 2.0282277 0.141222
258 3.3247713 2.6972262 0.141222
259 2.3170597 2.8306661 0.141222
260 3.7933086 3.0988365 0.141222
261 2.0824121 2.5970038 0.141222
262 2.8592398 2.2336498 0.141222
263 0.71674164 1.3421743 0.141222
264 1.4929686 0.97821965 0.141222
265 -0.21912875 0.47518625 0.141222
266 1.2553196 0.74155649 0.141222
267 0.2452092 0.87259793 0.141222
268 2.1612956 1.5386012 0.141222
269 1.1691166 1.6874978 0.141222
270 2.6791363 1.989288 0.141222
271 1.019672 1.5386635 0.141222
272 1.8647377 1.2432544 0.141222
273 -0.19383614 0.43534535 0.141222
274 0.6806346 0.16921772 0.141222
275 -0.9204915 -0.22331361 0.141222
276 0.6758635 0.16444906 0.141222
277 -0.203369 0.42581737 0.141222
278 1.8504618 1.2289858 0.141222
279 1.0006809 1.5196822 0.141222
280 2.6554673 1.9656312 0.141222
281 1.1408162 1.659212 0.141222
282 2.1284197 1.5057423 0.141222
283 0.20782261 0.83523078 0.141222
284 1.2134966 0.69975526 0.141222
285 -0.265305 0.42903419 0.141222
286 1.4425315 0.92780908 0.141222
287 0.66214498 1.2876065 0.141222
288 2.8005939 2.1750351 0.141222
289 2.0198361 2.5344613 0.141222
290 3.7269304 3.0324941 0.141222
291 2.2470161 2.7606605 0.141222
292 3.2512075 2.6237027 0.141222
293 1.328759 1.95134 0.141222
294 2.3141432 1.7956515 0.141222
295 0.79690664 1.4866473 0.141222
296 2.4487429 1.9296466 0.141222
297 1.595649 2.2170305 0.141222
298 3.6458061 3.0165258 0.141222
299 2.7625415 3.2738627 0.141222
300 4.3545085 3.6572381 0.141222
301 2.7486413 3.2599665 0.141222
302 3.6180209 2.9887485 0.141222
303 1.554009 2.1754023 0.141222
304 2.3932932 1.8742127 0.141222
305 0.72770765 1.417468 0.141222
306 2.2312702 1.7128021 0.141222
307 1.2323021 1.8549107 0.141222
308 3.141272 2.5137986 0.141222
309 2.1237219 2.6374016 0.141222
310 3.5904123 2.8960151 0.141222
311 1.8702434 2.3849116 0.141222
312 2.6380905 2.0125785 0.141222
313 0.48690947 1.1124215 0.141222
314 1.2547566 0.74008842 0.141222
315 -0.46541225 0.22898487 0.141222
316 1.0012781 0.48759838 0.141222
317 -0.016271982 0.6112014 0.141222
318 1.8926979 1.2700893 0.141222
319 0.89372978 1.4121979 0.141222
320 2.3972923 1.707532 0.141222
321 0.73170676 1.2507873 0.141222
322 1.570991 0.94959765 0.141222
323 -0.49302091 0.13625146 0.141222
324 0.37635867 -0.13496649 0.141222
325 -1.2295085 -0.5322381 0.141222
326 0.36245853 -0.14886268 0.141222
327 -0.52080609 0.10847418 0.141222
328 1.529351 0.90796946 0.141222
329 0.6762571 1.1953534 0.141222
330 2.3280934 1.6383527 0.141222
331 0.81085676 1.3293485 0.141222
332 1.796241 1.17366 0.141222
333 -0.12620746 0.50129735 0.141222
334 0.87798395 0.36433951 0.141222
335 -0.60193039 0.092505876 0.141222
336 1.1051639 0.59053867 0.141222
337 0.32440613 0.94996491 0.141222
338 2.462855 1.8373935 0.141222
339 1.6824685 2.1971909 0.141222
340 3.390305 2.6959658 0.141222
341 1.9115034 2.4252447 0.141222
342 2.9171774 2.2897692 0.141222
343 0.99658034 1.6192577 0.141222
344 1.9841838 1.465788 0.141222
345 0.46953268 1.1593688 0.141222
346 2.1243191 1.6053178 0.141222
347 1.2745382 1.8960142 0.141222
348 3.328369 2.6991826 0.141222
349 2.4491365 2.9605509 0.141222
350 4.0454915 3.3483136 0.141222
351 2.4443654 2.9557823 0.141222
352 3.3188361 2.6896546 0.141222
353 1.2602623 1.8817456 0.141222
354 2.105328 1.5863365 0.141222
355 0.44586365 1.135712 0.141222
356 1.9558834 1.4375022 0.141222
357 0.96370437 1.5863988 0.141222
358 2.8797908 2.2524021 0.141222
359 1.8696804 2.3834435 0.141222
360 3.3441288 2.6498137 0.141222
361 1.6320314 2.1467803 0.141222
362 2.4082584 1.7828257 0.141222
363 0.26576021 0.89135021 0.141222
364 1.0425879 0.52799616 0.141222
365 -0.66830857 0.0261635 0.141222
366 0.80794028 0.2943339 0.141222
367 -0.19977132 0.4277738 0.141222
368 1.7193108 1.0967723 0.141222
369 0.73072249 1.249259 0.141222
370 2.2449257 1.5552319 0.141222
371 0.59023481 1.1093801 0.141222
372 1.4406611 0.81933064 0.141222
373 -0.61196863 0.017364788 0.141222
374 0.26902621 -0.24223982 0.141222
375 -1.325 -0.62767243 0.141222
376 0.27902621 -0.23223982 0.141222
377 -0.59196863 0.037364788 0.141222
378 1.4706611 0.84933064 0.141222
379 0.63023481 1.1493801 0.141222
380 2.2949257 1.6052319 0.141222
381 0.79072249 1.309259 0.141222
382 1.7893108 1.1667723 0.141222
383 -0.11977132 0.5077738 0.141222
384 0.89794028 0.3843339 0.141222
385 -0.56830857 0.1261635 0.141222
386 1.1525879 0.63799616 0.141222
387 0.38576021 1.0113502 0.141222
388 2.5382584 1.9128257 0.141222
389 1.7720314 2.2867803 0.141222
390 3.4941288 2.7998137 0.141222
391 2.0296804 2.5434435 0.141222
392 3.0497908 2.4224021 0.141222
393 1.1437044 1.7663988 0.141222
394 2.1458834 1.6275022 0.141222
395 0.64586365 1.335712 0.141222
396 2.315328 1.7963365 0.141222
397 1.4802623 2.1017456 0.141222
398 3.5488361 2.9196546 0.141222
399 2.6843654 3.1957823 0.141222
400 4.2954915 3.5983136 0.141222
401 2.7091365 3.2205509 0.141222
402 3.598369 2.9691826 0.141222
403 1.5545382 2.1760142 0.141222
404 2.4143191 1.8953178 0.141222
405 0.76953268 1.4593688 0.141222
406 2.2941838 1.775788 0.141222
407 1.3165803 1.9392577 0.141222
408 3.2471774 2.6197692 0.141222
409 2.2515034 2.7652447 0.141222
410 3.740305 3.0459658 0.141222
411 2.0424685 2.5571909 0.141222
412 2.832855 2.2073935 0.141222
413 0.70440613 1.3299649 0.141222
414 1.4951639 0.98053867 0.141222
415 -0.20193039 0.49250588 0.141222
416 1.2879839 0.77433951 0.141222
417 0.29379254 0.92129735 0.141222
418 2.226241 1.60366 0.141222
419 1.2508568 1.7693485 0.141222
420 2.7780934 2.0883527 0.141222
421 1.1362571 1.6553534 0.141222
422 1.999351 1.3779695 0.141222
423 -0.040806095 0.58847418 0.141222
424 0.85245853 0.34113732 0.141222
425 -0.7295085 -0.032238097 0.141222
426 0.88635867 0.37503351 0.141222
427 0.026979091 0.65625146 0.141222
428 2.100991 1.4795977 0.141222
429 1.2717068 1.7907873 0.141222
430 2.9472923 2.257532 0.141222
431 1.4537298 1.9721979 0.141222
432 2.4626979 1.8400893 0.141222
433 0.56372802 1.1912014 0.141222
434 1.5912781 1.0775984 0.141222
435 0.13458775 0.82898487 0.141222
436 1.8647566 1.3500884 0.141222
437 1.1069095 1.7324215 0.141222
438 3.2680905 2.6425785 0.141222
439 2.5102434 3.0249116 0.141222
440 4.2404123 3.5460151 0.141222
441 2.7837219 3.2974016 0.141222
442 3.811272 3.1837986 0.141222
443 1.9123021 2.5349107 0.141222
444 2.9212702 2.4028021 0.141222
445 1.4277077 2.117468 0.141222
446 3.1032932 2.5842127 0.141222
447 2.274009 2.8954023 0.141222
448 4.3480209 3.7187485 0.141222
449 3.4886413 3.9999665 0.141222
450 5.1045085 4.4072381 0.141222
451 3.5225415 4.0338627 0.141222
452 4.4158061 3.7865258 0.141222
453 2.375649 2.9970305 0.141222
454 3.2387429 2.7196466 0.141222
455 1.5969066 2.2866473 0.141222
456 3.1241432 2.6056515 0.141222
457 2.148759 2.77134 0.141222
458 4.0812075 3.4537027 0.141222
459 3.0870161 3.6006605 0.141222
460 4.5769304 3.8824941 0.141222
461 2.8798361 3.3944613 0.141222
462 3.6705939 3.0450351 0.141222
463 1.542145 2.1676065 0.141222
464 2.3325315 1.8178091 0.141222
465 0.634695 1.3290342 0.141222
466 2.1234966 1.6097553 0.141222
467 1.1278226 1.7552308 0.141222
468 3.0584197 2.4357423 0.141222
469 2.0808162 2.599212 0.141222
470 3.6054673 2.9156312 0.141222
471 1.9606809 2.4796822 0.141222
472 2.8204618 2.1989858 0.141222
473 0.776631 1.4058174 0.141222
474 1.6658635 1.1544491 0.141222
475 0.079508497 0.77668639 0.141222
476 1.6906346 1.1792177 0.141222
477 0.82616386 1.4553454 0.141222
478 2.8947377 2.2732544 0.141222
479 2.059672 2.5786635 0.141222
480 3.7291363 3.039288 0.141222
481 2.2291166 2.7474978 0.141222
482 3.2312956 2.6086012 0.141222
483 1.3252092 1.9525979 0.141222
484 2.3453196 1.8315565 0.141222
485 0.88087125 1.5751863 0.141222
486 2.6029686 2.0882197 0.141222
487 1.8367416 2.4621743 0.141222
488 3.9892398 3.3636498 0.141222
489 3.2224121 3.7370038 0.141222
490 4.9433086 4.2488365 0.141222
491 3.4770597 3.9906661 0.141222
492 4.4947713 3.8672262 0.141222
493 2.5856892 3.2082277 0.141222
494 3.5842775 3.065741 0.141222
495 2.0800743 2.7697681 0.141222
496 3.7447652 3.2256199 0.141222
497 2.9043389 3.5256694 0.141222
498 4.9669686 4.3376352 0.141222
499 4.0959738 4.6072398 0.141222
500 5.7 5.0026724 0.141222
501 4.1059738 4.6172398 0.141222
502 4.9869686 4.3576352 0.141222
503 2.9343389 3.5556694 0.141222
504 3.7847652 3.2656199 0.141222
505 2.1300743 2.8197681 0.141222
506 3.6442775 3.125741 0.141222
507 2.6556892 3.2782277 0.141222
508 4.5747713 3.9472262 0.141222
509 3.5670597 4.0806661 0.141222
510 5.0433086 4.3488365 0.141222
511 3.3324121 3.8470038 0.141222
512 4.1092398 3.4836498 0.141222
513 1.9667416 2.5921743 0.141222
514 2.7429686 2.2282197 0.141222
515 1.0308712 1.7251863 0.141222
516 2.5053196 1.9915565 0.141222
517 1.4952092 2.1225979 0.141222
518 3.4112956 2.7886012 0.141222
519 2.4191166 2.9374978 0.141222
520 3.9291363 3.239288 0.141222
521 2.269672 2.7886635 0.141222
522 3.1147377 2.4932544 0.141222
523 1.0561639 1.6853454 0.141222
524 1.9306346 1.4192177 0.141222
525 0.3295085 1.0266864 0.141222
526 1.9258635 1.4144491 0.141222
527 1.046631 1.6758174 0.141222
528 3.1004618 2.4789858 0.141222
529 2.2506809 2.7696822 0.141222
530 3.9054673 3.2156312 0.141222
531 2.3908162 2.909212 0.141222
532 3.3784197 2.7557423 0.141222
533 1.4578226 2.0852308 0.141222
534 2.4634966 1.9497553 0.141222
535 0.984695 1.6790342 0.141222
536 2.6925315 2.1778091 0.141222
537 1.912145 2.5376065 0.141222
538 4.0505939 3.4250351 0.141222
539 3.2698361 3.7844613 0.141222
540 4.9769304 4.2824941 0.141222
541 3.4970161 4.0106605 0.141222
542 4.5012075 3.8737027 0.141222
543 2.578759 3.20134 0.141222
544 3.5641432 3.0456515 0.141222
545 2.0469066 2.7366473 0.141222
546 3.6987429 3.1796466 0.141222
547 2.845649 3.4670305 0.141222
548 4.8958061 4.2665258 0.141222
549 4.0125415 4.5238627 0.141222
550 5.6045085 4.9072381 0.141222
551 3.9986413 4.5099665 0.141222
552 4.8680209 4.2387485 0.141222
553 2.804009 3.4254023 0.141222
554 3.6432932 3.1242127 0.141222
555 1.9777077 2.667468 0.141222
556 3.4812702 2.9628021 0.141222
557 2.4823021 3.1049107 0.141222
558 4.391272 3.7637986 0.141222
559 3.3737219 3.8874016 0.141222
560 4.8404123 4.1460151 0.141222
561 3.1202434 3.6349116 0.141222
562 3.8880905 3.2625785 0.141222
563 1.7369095 2.3624215 0.141222
564 2.5047566 1.9900884 0.141222
565 0.78458775 1.4789849 0.141222
566 2.2512781 1.7375984 0.141222
567 1.233728 1.8612014 0.141222
568 3.1426979 2.5200893 0.141222
569 2.1437298 2.6621979 0.141222
570 3.6472923 2.957532 0.141222
571 1.9817068 2.5007873 0.141222
572 2.820991 2.1995977 0.141222
573 0.75697909 1.3862515 0.141222
574 1.6263587 1.1150335 0.141222
575 0.020491503 0.7177619 0.141222
576 1.6124585 1.1011373 0.141222
577 0.72919391 1.3584742 0.141222
578 2.779351 2.1579695 0.141222
579 1.9262571 2.4453534 0.141222
580 3.5780934 2.8883527 0.141222
581 2.0608568 2.5793485 0.141222
582 3.046241 2.42366 0.141222
583 1.1237925 1.7512973 0.141222
584 2.1279839 1.6143395 0.141222
585 0.64806961 1.3425059 0.141222
586 2.3551639 1.8405387 0.141222
587 1.5744061 2.1999649 0.141222
588 3.712855 3.0873935 0.141222
589 2.9324685 3.4471909 0.141222
590 4.640305 3.9459658 0.141222
591 3.1615034 3.6752447 0.141222
592 4.1671774 3.5397692 0.141222
593 2.2465803 2.8692577 0.141222
594 3.2341838 2.715788 0.141222
595 1.7195327 2.4093688 0.141222
596 3.3743191 2.8553178 0.141222
597 2.5245382 3.1460142 0.141222
598 4.578369 3.9491826 0.141222
599 3.6991365 4.2105509 0.141222
600 5.2954915 4.5983136 0.141222
601 3.6943654 4.2057823 0.141222
602 4.5688361 3.9396546 0.141222
603 2.5102623 3.1317456 0.141222
604 3.355328 2.8363365 0.141222
605 1.6958637 2.385712 0.141222
606 3.2058834 2.6875022 0.141222
607 2.2137044 2.8363988 0.141222
608 4.1297908 3.5024021 0.141222
609 3.1196804 3.6334435 0.141222
610 4.5941288 3.8998137 0.141222
611 2.8820314 3.3967803 0.141222
612 3.6582584 3.0328257 0.141222
613 1.5157602 2.1413502 0.141222
614 2.2925879 1.7779962 0.141222
615 0.58169143 1.2761635 0.141222
616 2.0579403 1.5443339 0.141222
617 1.0502287 1.6777738 0.141222
618 2.9693108 2.3467723 0.141222
619 1.9807225 2.499259 0.141222
620 3.4949257 2.8052319 0.141222
621 1.8402348 2.3593801 0.141222
622 2.6906611 2.0693306 0.141222
623 0.63803137 1.2673648 0.141222
624 1.5190262 1.0077602 0.141222
625 -0.075 0.62232757 0.141222
626 1.5290262 1.0177602 0.141222
627 0.65803137 1.2873648 0.141222
628 2.7206611 2.0993306 0.141222
629 1.8802348 2.3993801 0.141222
630 3.5449257 2.8552319 0.141222
631 2.0407225 2.559259 0.141222
632 3.0393108 2.4167723 0.141222
633 1.1302287 1.7577738 0.141222
634 2.1479403 1.6343339 0.141222
635 0.68169143 1.3761635 0.141222
636 2.4025879 1.8879962 0.141222
637 1.6357602 2.2613502 0.141222
638 3.7882584 3.1628257 0.141222
639 3.0220314 3.5367803 0.141222
640 4.7441288 4.0498137 0.141222
641 3.2796804 3.7934435 0.141222
642 4.2997908 3.6724021 0.141222
643 2.3937044 3.0163988 0.141222
644 3.3958834 2.8775022 0.141222
645 1.8958637 2.585712 0.141222
646 3.565328 3.0463365 0.141222
647 2.7302623 3.3517456 0.141222
648 4.7988361 4.1696546 0.141222
649 3.9343654 4.4457823 0.141222
650 5.5454915 4.8483136 0.141222
651 3.9591365 4.4705509 0.141222
652 4.848369 4.2191826 0.141222
653 2.8045382 3.4260142 0.141222
654 3.6643191 3.1453178 0.141222
655 2.0195327 2.7093688 0.141222
656 3.5441838 3.025788 0.141222
657 2.5665803 3.1892577 0.141222
658 4.4971774 3.8697692 0.141222
659 3.5015034 4.0152447 0.141222
660 4.990305 4.2959658 0.141222
661 3.2924685 3.8071909 0.141222
662 4.082855 3.4573935 0.141222
663 1.9544061 2.5799649 0.141222
664 2.7451639 2.2305387 0.141222
665 1.0480696 1.7425059 0.141222
666 2.5379839 2.0243395 0.141222
667 1.5437925 2.1712973 0.141222
668 3.476241 2.85366 0.141222
669 2.5008568 3.0193485 0.141222
670 4.0280934 3.3383527 0.141222
671 2.3862571 2.9053534 0.141222
672 3.249351 2.6279695 0.141222
673 1.2091939 1.8384742 0.141222
674 2.1024585 1.5911373 0.141222
675 0.5204915 1.2177619 0.141222
676 2.1363587 1.6250335 0.141222
677 1.2769791 1.9062515 0.141222
678 3.350991 2.7295977 0.141222
679 2.5217068 3.0407873 0.141222
680 4.1972923 3.507532 0.141222
681 2.7037298 3.2221979 0.141222
682 3.7126979 3.0900893 0.141222
683 1.813728 2.4412014 0.141222
684 2.8412781 2.3275984 0.141222
685 1.3845877 2.0789849 0.141222
686 3.1147566 2.6000884 0.141222
687 2.3569095 2.9824215 0.141222
688 4.5180905 3.8925785 0.141222
689 3.7602434 4.2749116 0.141222
690 5.4904123 4.7960151 0.141222
691 4.0337219 4.5474016 0.141222
692 5.061272 4.4337986 0.141222
693 3.1623021 3.7849107 0.141222
694 4.1712702 3.6528021 0.141222
695 2.6777077 3.367468 0.141222
696 4.3532932 3.8342127 0.141222
697 3.524009 4.1454023 0.141222
698 5.5980209 4.9687485 0.141222
699 4.7386413 5.2499665 0.141222
700 6.3545085 5.6572381 0.141222
701 4.7725415 5.2838627 0.141222
702 5.6658061 5.0365258 0.141222
703 3.625649 4.2470305 0.141222
704 4.4887429 3.9696466 0.141222
705 2.8469066 3.5366473 0.141222
706 4.3741432 3.8556515 0.141222
707 3.398759 4.02134 0.141222
708 5.3312075 4.7037027 0.141222
709 4.3370161 4.8506605 0.141222
710 5.8269304 5.1324941 0.141222
711 4.1298361 4.6444613 0.141222
712 4.9205939 4.2950351 0.141222
713 2.792145 3.4176065 0.141222
714 3.5825315 3.0678091 0.141222
715 1.884695 2.5790342 0.141222
716 3.3734966 2.8597553 0.141222
717 2.3778226 3.0052308 0.141222
718 4.3084197 3.6857423 0.141222
719 3.3308162 3.849212 0.141222
720 4.8554673 4.1656312 0.141222
721 3.2106809 3.7296822 0.141222
722 4.0704618 3.4489858 0.141222
723 2.026631 2.6558174 0.141222
724 2.9158635 2.4044491 0.141222
725 1.3295085 2.0266864 0.141222
726 2.9406346 2.4292177 0.141222
727 2.0761639 2.7053454 0.141222
728 4.1447377 3.5232544 0.141222
729 3.309672 3.8286635 0.141222
730 4.9791363 4.289288 0.141222
731 3.4791166 3.9974978 0.141222
732 4.4812956 3.8586012 0.141222
733 2.5752092 3.2025979 0.141222
734 3.5953196 3.0815565 0.141222
735 2.1308712 2.8251863 0.141222
736 3.8529686 3.3382197 0.141222
737 3.0867416 3.7121743 0.141222
738 5.2392398 4.6136498 0.141222
739 4.4724121 4.9870038 0.141222
740 6.1933086 5.4988365 0.141222
741 4.7270597 5.2406661 0.141222
742 5.7447713 5.1172262 0.141222
743 3.8356892 4.4582277 0.141222
744 4.8342775 4.315741 0.141222
745 3.3300743 4.0197681 0.141222
746 4.9947652 4.4756199 0.141222
747 4.1543389 4.7756694 0.141222
748 6.2169686 5.5876352 0.141222
749 5.3459738 5.8572398 0.141222
750 6.95 6.2526724 0.141222
751 5.3559738 5.8672398 0.141222
752 6.2369686 5.6076352 0.141222
753 4.1843389 4.8056694 0.141222
754 5.0347652 4.5156199 0.141222
755 3.3800743 4.0697681 0.141222
756 4.8942775 4.375741 0.141222
757 3.9056892 4.5282277 0.141222
758 5.8247713 5.1972262 0.141222
759 4.8170597 5.3306661 0.141222
760 6.2933086 5.5988365 0.141222
761 4.5824121 5.0970038 0.141222
762 5.3592398 4.7336498 0.141222
763 3.2167416 3.8421743 0.141222
764 3.9929686 3.4782197 0.141222
765 2.2808712 2.9751863 0.141222
766 3.7553196 3.2415565 0.141222
767 2.7452092 3.3725979 0.141222
768 4.6612956 4.0386012 0.141222
769 3.6691166 4.1874978 0.141222
770 5.1791363 4.489288 0.141222
771 3.519672 4.0386635 0.141222
772 4.3647377 3.7432544 0.141222
773 2.3061639 2.9353454 0.141222
774 3.1806346 2.6692177 0.141222
775 1.5795085 2.2766864 0.141222
776 3.1758635 2.6644491 0.141222
777 2.296631 2.9258174 0.141222
778 4.3504618 3.7289858 0.141222
779 3.5006809 4.0196822 0.141222
780 5.1554673 4.4656312 0.141222
781 3.6408162 4.159212 0.141222
782 4.6284197 4.0057423 0.141222
783 2.7078226 3.3352308 0.141222
784 3.7134966 3.1997553 0.141222
785 2.234695 2.9290342 0.141222
786 3.9425315 3.4278091 0.141222
787 3.162145 3.7876065 0.141222
788 5.3005939 4.6750351 0.141222
789 4.5198361 5.0344613 0.141222
790 6.2269304 5.5324941 0.141222
791 4.7470161 5.2606605 0.141222
792 5.7512075 5.1237027 0.141222
793 3.828759 4.45134 0.141222
794 4.8141432 4.2956515 0.141222
795 3.2969066 3.9866473 0.141222
796 4.9487429 4.4296466 0.141222
797 4.095649 4.7170305 0.141222
798 6.1458061 5.5165258 0.141222
799 5.2625415 5.7738627 0.141222
800 6.8545085 6.1572381 0.141222
801 5.2486413 5.7599665 0.141222
802 6.1180209 5.4887485 0.141222
803 4.054009 4.6754023 0.141222
804 4.8932932 4.3742127 0.141222
805 3.2277077 3.917468 0.141222
806 4.7312702 4.2128021 0.141222
807 3.7323021 4.3549107 0.141222
808 5.641272 5.0137986 0.141222
809 4.6237219 5.1374016 0.141222
810 6.0904123 5.3960151 0.141222
811 4.3702434 4.8849116 0.141222
812 5.1380905 4.5125785 0.141222
813 2.9869095 3.6124215 0.141222
814 3.7547566 3.2400884 0.141222
815 2.0345877 2.7289849 0.141222
816 3.5012781 2.9875984 0.141222
817 2.483728 3.1112014 0.141222
818 4.3926979 3.7700893 0.141222
819 3.3937298 3.9121979 0.141222
820 4.8972923 4.207532 0.141222
821 3.2317068 3.7507873 0.141222
822 4.070991 3.4495977 0.141222
823 2.0069791 2.6362515 0.141222
824 2.8763587 2.3650335 0.141222
825 1.2704915 1.9677619 0.141222
826 2.8624585 2.3511373 0.141222
827 1.9791939 2.6084742 0.141222
828 4.029351 3.4079695 0.141222
829 3.1762571 3.6953534 0.141222
830 4.8280934 4.1383527 0.141222
831 3.3108568 3.8293485 0.141222
832 4.296241 3.67366 0.141222
833 2.3737925 3.0012973 0.141222
834 3.3779839 2.8643395 0.141222
835 1.8980696 2.5925059 0.141222
836 3.6051639 3.0905387 0.141222
837 2.8244061 3.4499649 0.141222
838 4.962855 4.3373935 0.141222
839 4.1824685 4.6971909 0.141222
840 5.890305 5.1959658 0.141222
841 4.4115034 4.9252447 0.141222
842 5.4171774 4.7897692 0.141222
843 3.4965803 4.1192577 0.141222
844 4.4841838 3.965788 0.141222
845 2.9695327 3.6593688 0.141222
846 4.6243191 4.1053178 0.141222
847 3.7745382 4.3960142 0.141222
848 5.828369 5.1991826 0.141222
849 4.9491365 5.4605509 0.141222
850 6.5454915 5.8483136 0.141222
851 4.9443654 5.4557823 0.141222
852 5.8188361 5.1896546 0.141222
853 3.7602623 4.3817456 0.141222
854 4.605328 4.0863365 0.141222
855 2.9458637 3.635712 0.141222
856 4.4558834 3.9375022 0.141222
857 3.4637044 4.0863988 0.141222
858 5.3797908 4.7524021 0.141222
859 4.3696804 4.8834435 0.141222
860 5.8441288 5.1498137 0.141222
861 4.1320314 4.6467803 0.141222
862 4.9082584 4.2828257 0.141222
863 2.7657602 3.3913502 0.141222
864 3.5425879 3.0279962 0.141222
865 1.8316914 2.5261635 0.141222
866 3.3079403 2.7943339 0.141222
867 2.3002287 2.9277738 0.141222
868 4.2193108 3.5967723 0.141222
869 3.2307225 3.749259 0.141222
870 4.7449257 4.0552319 0.141222
871 3.0902348 3.6093801 0.141222
872 3.9406611 3.3193306 0.141222
873 1.8880314 2.5173648 0.141222
874 2.7690262 2.2577602 0.141222
875 1.175 1.8723276 0.141222
876 2.7790262 2.2677602 0.141222
877 1.9080314 2.5373648 0.141222
878 3.9706611 3.3493306 0.141222
879 3.1302348 3.6493801 0.141222
880 4.7949257 4.1052319 0.141222
881 3.2907225 3.809259 0.141222
882 4.2893108 3.6667723 0.141222
883 2.3802287 3.0077738 0.141222
884 3.3979403 2.8843339 0.141222
885 1.9316914 2.6261635 0.141222
886 3.6525879 3.1379962 0.141222
887 2.8857602 3.5113502 0.141222
888 5.0382584 4.4128257 0.141222
889 4.2720314 4.7867803 0.141222
890 5.9941288 5.2998137 0.141222
891 4.5296804 5.0434435 0.141222
892 5.5497908 4.9224021 0.141222
893 3.6437044 4.2663988 0.141222
894 4.6458834 4.1275022 0.141222
895 3.1458637 3.835712 0.141222
896 4.815328 4.2963365 0.141222
897 3.9802623 4.6017456 0.141222
898 6.0488361 5.4196546 0.141222
899 5.1843654 5.6957823 0.141222
900 6.7954915 6.0983136 0.141222
901 5.2091365 5.7205509 0.141222
902 6.098369 5.4691826 0.141222
903 4.0545382 4.6760142 0.141222
904 4.9143191 4.3953178 0.141222
905 3.2695327 3.9593688 0.141222
906 4.7941838 4.275788 0.141222
907 3.8165803 4.4392577 0.141222
908 5.7471774 5.1197692 0.141222
909 4.7515034 5.2652447 0.141222
910 6.240305 5.5459658 0.141222
911 4.5424685 5.0571909 0.141222
912 5.332855 4.7073935 0.141222
913 3.2044061 3.8299649 0.141222
914 3.9951639 3.4805387 0.141222
915 2.2980696 2.9925059 0.141222
916 3.7879839 3.2743395 0.141222
917 2.7937925 3.4212973 0.141222
918 4.726241 4.10366 0.141222
919 3.7508568 4.2693485 0.141222
920 5.2780934 4.5883527 0.141222
921 3.6362571 4.1553534 0.141222
922 4.499351 3.8779695 0.141222
923 2.4591939 3.0884742 0.141222
924 3.3524585 2.8411373 0.141222
925 1.7704915 2.4677619 0.141222
926 3.3863587 2.8750335 0.141222
927 2.5269791 3.1562515 0.141222
928 4.600991 3.9795977 0.141222
929 3.7717068 4.2907873 0.141222
930 5.4472923 4.757532 0.141222
931 3.9537298 4.4721979 0.141222
932 4.9626979 4.3400893 0.141222
933 3.063728 3.6912014 0.141222
934 4.0912781 3.5775984 0.141222
935 2.6345877 3.3289849 0.141222
936 4.3647566 3.8500884 0.141222
937 3.6069095 4.2324215 0.141222
938 5.7680905 5.1425785 0.141222
939 5.0102434 5.5249116 0.141222
940 6.7404123 6.0460151 0.141222
941 5.2837219 5.7974016 0.141222
942 6.311272 5.6837986 0.141222
943 4.4123021 5.0349107 0.141222
944 5.4212702 4.9028021 0.141222
945 3.9277077 4.617468 0.141222
946 5.6032932 5.0842127 0.141222
947 4.774009 5.3954023 0.141222
948 6.8480209 6.2187485 0.141222
949 5.9886413 6.4999665 0.141222
950 7.6045085 6.9072381 0.141222
951 6.0225415 6.5338627 0.141222
952 6.9158061 6.2865258 0.141222
953 4.875649 5.4970305 0.141222
954 5.7387429 5.2196466 0.141222
955 4.0969066 4.7866473 0.141222
956 5.6241432 5.1056515 0.141222
957 4.648759 5.27134 0.141222
958 6.5812075 5.9537027 0.141222
959 5.5870161 6.1006605 0.141222
960 7.0769304 6.3824941 0.141222
961 5.3798361 5.8944613 0.141222
962 6.1705939 5.5450351 0.141222
963 4.042145 4.6676065 0.141222
964 4.8325315 4.3178091 0.141222
965 3.134695 3.8290342 0.141222
966 4.6234966 4.1097553 0.141222
967 3.6278226 4.2552308 0.141222
968 5.5584197 4.9357423 0.141222
969 4.5808162 5.099212 0.141222
970 6.1054673 5.4156312 0.141222
971 4.4606809 4.9796822 0.141222
972 5.3204618 4.6989858 0.141222
973 3.276631 3.9058174 0.141222
974 4.1658635 3.6544491 0.141222
975 2.5795085 3.2766864 0.141222
976 4.1906346 3.6792177 0.141222
977 3.3261639 3.9553454 0.141222
978 5.3947377 4.7732544 0.141222
979 4.559672 5.0786635 0.141222
980 6.2291363 5.539288 0.141222
981 4.7291166 5.2474978 0.141222
982 5.7312956 5.1086012 0.141222
983 3.8252092 4.4525979 0.141222
984 4.8453196 4.3315565 0.141222
985 3.3808712 4.0751863 0.141222
986 5.1029686 4.5882197 0.141222
987 4.3367416 4.9621743 0.141222
988 6.4892398 5.8636498 0.141222
989 5.7224121 6.2370038 0.141222
990 7.4433086 6.7488365 0.141222
991 5.9770597 6.4906661 0.141222
992 6.9947713 6.3672262 0.141222
993 5.0856892 5.7082277 0.141222
994 6.0842775 5.565741 0.141222
995 4.5800743 5.2697681 0.141222
996 6.2447652 5.7256199 0.141222
997 5.4043389 6.0256693 0.141222
998 7.4669686 6.8376592 0.141251
999 6.5959738 7.1133796 0.144701
1000 8.2 7.7487908 0.207917
