# 42 iterations: lambda 1.75908, LOO RMS 965.809, and est. err. var. 325008
0 179568.5 181606.9 69626.9
0.483333 179949.5 181983.15 64176.4
1.21667 182232.5 182695.1 58090.6
1.83333 183291.5 183461.6 54994.8
2.61667 186363.5 184725.44 53640.3
4.03333 188542 188037.16 60441
5.51667 193230 192640.65 80116.4
7.2 200279.09 198959.46 93524.5
9.91667 209896 210621.33 70803.4
10.9167 210294.03 212972.11 60483.3
12.1167 214964.03 215317.78 53249.9
12.8 216469.74 216664.61 53062.2
13.5167 216469.74 218215.98 54093.2
14.0333 220323.74 219499.8 55075.4
15.45 228320.74 224130.71 61272.8
17.15 233176.74 231204.38 82983.7
19.1833 239280.9 238011.47 104260
21.3 242340.9 243173.15 108528
23.5833 249243 249120.38 101950
25.2167 251607 253043.82 98558.9
27.0333 259436.77 258090.9 97143.4
29.0167 263544 263863.6 99133.6
31 268966 269580.79 96166.2
32.7667 275016.45 274361.39 93915
34.4333 277705.45 278373.12 101046
36.2 285500.39 282183.62 136954
40.55 294291.39 297762.13 134761
42.2 300861.39 302213.51 101517
43.9333 309503.4 308503.41 93026.3
45.7 315618.04 315314.28 92100.4
47.6667 322068.04 322503.48 89880.7
49.2167 327200.04 327517.9 87958.4
50.8333 333086.04 332609.14 85737.6
52.4833 338212.15 337638.91 85235.4
54.2167 342265.15 342439.34 84734.1
55.7667 345683.15 346568.76 85384
57.3167 351822.68 350963.8 86938
59.0167 356270.84 356131.16 90462.2
60.9 362104.84 362361.75 92064.6
62.7667 368333.84 368625.53 91847.4
64.3333 373228.11 373759.63 91084
66.1 381191.98 379763.08 91282.8
67.9 385146.48 385380.07 94436.5
69.7333 391009.14 390647.76 97005.5
71.6 395976.84 395948.18 97952.4
73.5833 401529.84 401699.86 97351.1
75.3667 405962.84 407431.85 93495.4
77.2333 414130.84 414536.48 92296.2
78.75 421552 420129.04 93322.4
80.65 426929 427088.87 93878.5
82.5833 433708 435011.78 93108.6
84.3667 441455 443372.52 89742.3
85.9333 452517.88 450738.13 89962.4
87.5333 459392.05 457358.6 90636.2
89.5333 463589.05 464582.54 94487.7
91.2667 470546.08 470960.11 94635.5
93.1667 478039.52 479295.53 91683.8
94.8333 487645.86 486831.6 90736.3
96.5333 494680.76 493791.41 90644.6
98.25 499817.76 500393.44 93412.9
100.1 508084.76 508734.75 94807.3
102.067 519124.92 518721.81 96711.7
103.717 525947.92 526895.78 96180.6
105.717 539037.97 537538.74 95108.6
107.467 545421.97 545382.09 96823.2
109.267 552006.11 553468.02 96966.4
111.25 565499.97 564296.1 95169.9
113.15 572904.02 573340.55 93431.2
114.683 579533.02 579327.39 93017.9
116.483 587611.02 586403.08 93835.9
118.433 593344.77 594239.84 97370.1
120.3 601843.66 602015.05 98736.3
122.133 610508.64 610062.6 96897.3
124.15 618409.64 618803.26 96470.8
125.767 625344.47 625186.41 96081.4
127.7 633062.47 633719 94844.8
129.55 642589.47 642540.92 97407.2
131.317 651290.47 651106.67 97870.7
133.333 661404.69 661744.85 98038.3
135.183 671542.29 670957.46 98089.8
137 679594.3 678923.7 96807.1
138.917 686324.31 686715.83 95127.4
140.75 693955.77 693756.31 93119.9
142.45 698928.77 700461.41 90964.7
144.183 708080.22 708615.51 89818.4
145.9 718479.55 717299.88 90252.4
147.617 725386.55 725418.03 89611.3
149.4 733355.55 733486.11 87993.3
151.067 739844.55 740866.8 88157.9
152.617 749015.6 747836.9 86841.9
154.433 755992.6 755884.3 88338.4
156 762438.6 762234.07 91615.2
157.8 769687 770286.08 92611.3
159.75 780759 779992.05 95525.8
161.45 787402 787703.64 94756.5
163.367 796323 796421.31 92142.2
165.083 804515.16 803628.61 90311
166.783 807765.16 810928.15 87658.6
168.433 820460.66 819280.93 87920.3
170.05 828014.66 827914.39 88998.9
171.833 838171 837421.47 91831.8
173.6 846821.35 846491.11 92187.5
175.533 856183.35 855510.02 90869.2
177.083 859561 862300.62 88849.6
178.817 872300 871080.02 86148.1
180.45 879298.18 879281.35 88483.4
182.05 887597.38 886703.9 91323
183.9 895917.06 895588.32 95838.1
185.883 905663.6 905229.92 99683.4
187.783 913608.6 913780.71 97271
189.717 921351.6 922312.45 92154
191.367 929387.6 929106.27 90555.8
192.95 935727.13 935440.32 89079.2
194.783 943020.13 943266.26 89843.8
196.517 950992 950546.39 93105.2
198.2 957183.53 957828.38 94008.9
200.183 967717.69 968121.99 93423.9
201.983 978382.69 976755.57 92416.4
203.617 981240.24 983669.6 92541.9
205.333 993094.24 992559.12 94955.8
207.317 1005960.2 1005227.3 96465.3
209.317 1016709 1016706.7 92985.7
210.917 1023535.2 1023831 89218.5
212.55 1031100.2 1030427.1 87240.2
214.183 1037035 1036907.9 87033.7
216 1044112 1043990.2 88860.8
217.55 1049312 1049948.1 88628.9
219.4 1058122.7 1057460.1 89273.5
220.95 1063333.7 1063602.9 90786
222.817 1070694.4 1072037.4 92055.9
224.533 1082135.5 1080610.5 95379.3
226.417 1090001.5 1089730.6 95783.1
228.35 1098197.5 1098226.8 96934
230.083 1105494.5 1105013.9 97027.6
232 1112219.9 1112855.3 96205.6
233.9 1120012.4 1122393.2 94205.2
235.667 1132938.8 1133164.8 85844.2
237.467 1142644.8 1143434.9 84700.9
238.55 1149618.6 1148884.3 84530.9
240.333 1159345.8 1158906.4 84471.6
242.083 1170958.5 1169459.6 90232.4
243.9 1178933 1178929.8 91801
245.567 1186266 1187057 90383.5
247.417 1196866.2 1196602.8 88575.2
249 1204366.2 1204336.7 87144.6
250.7 1210873.2 1212779.5 88564
252.217 1223314.2 1221060.7 91806.8
254.2 1233309.2 1232909.9 93406
256.133 1242311 1243577 95238.6
257.717 1253099.2 1251265.9 93285.5
259.633 1259451.2 1260377 93615.9
261.317 1267932.9 1269238.9 95587.5
263.283 1283098.7 1281499.1 94536.2
265.083 1290847.9 1291708.5 91577
266.85 1301019 1300617.2 88993.8
268.383 1306018.2 1308417.3 90349.2
270.067 1321496.6 1318328 92096.1
272.083 1329860.9 1330942.7 95192.5
273.883 1341332.1 1341350.4 93201.5
275.667 1351196.8 1350719.3 91361.8
277.25 1358866.8 1357917.2 89443.6
279.133 1365818.1 1365787.5 88448.3
280.7 1370108.1 1372674.9 88251.5
282.417 1381532.9 1382452.5 86612.6
284.067 1394673.4 1392684.4 89107.3
285.7 1402723.8 1401680 92028.4
287.567 1411477.9 1411583.3 93547.9
289.567 1421913.9 1421982.7 95757.5
291.117 1429283.7 1429206.3 93794.4
293.117 1438895.8 1438992.3 91321.6
294.717 1446362.8 1446236.4 90018.2
296.517 1453753 1453771.7 89627
298.033 1460822.2 1459678.9 90935.3
299.967 1465706.2 1468189.2 92175.4
301.7 1478226.4 1476909 96075.2
303.5 1487263.4 1485336 98337
305.517 1492445.4 1493918.3 100604
307.517 1503093.4 1503037.8 100301
309.317 1511196.7 1511267.6 97150.8
311.267 1519465.7 1520511.4 96376.9
312.933 1529824.4 1528160.6 96627.2
314.917 1536700.4 1536747.5 95660.2
316.75 1543961.4 1543600.9 97068.3
318.5 1548937.4 1550295.8 97507.5
320.467 1559682.6 1560364.3 99379.1
322.4 1572681.6 1571214.2 101232
324.317 1581005.6 1580316 97858.4
326.35 1587716.6 1588139.5 94547
327.867 1592119.9 1593750.6 90607.5
329.717 1602130.9 1602198 86238.2
331.283 1609272.9 1609470.5 87725.2
332.85 1617769 1616438.1 86374.4
334.683 1623900 1624657 86750.5
336.3 1631012 1631796.7 90069.2
337.867 1640422.4 1639299.8 90220.4
339.867 1649781.2 1649829.4 91222.5
341.55 1658243.2 1657293.2 91798.7
343.233 1662623.2 1664075.6 92206.3
344.967 1673245.2 1672028.1 94777.8
346.967 1681719.8 1682199.3 95406.8
348.833 1691338.8 1690549.8 96352.6
350.45 1696840.9 1696649.3 96713.6
352.45 1704647.4 1704846.7 95628.5
354.45 1712981.5 1712997 97101.7
355.967 1718008.5 1718880.7 94409.7
358.033 1728632.5 1728314.3 94274
359.583 1735313.3 1734838.8 96938.7
361.567 1743349.3 1743705.9 94795.2
363.533 1752324.3 1753037.7 92561
365.15 1760233.8 1759957.8 87856.5
366.8 1765651.9 1766903.7 85287.3
368.333 1774263.7 1773715.8 87447.1
369.983 1782513.4 1781623.9 88747.3
371.933 1791317.9 1791032.5 89905.5
373.583 1797555.4 1797651.2 90263.1
375.2 1803281.4 1803888.8 90473.1
376.95 1812697.5 1811466.7 91238.2
378.917 1819366.5 1819839.1 93642.3
380.5 1826299.7 1825706.6 94330.7
382.383 1831970.7 1833550.6 94402.2
384.233 1843650.6 1842513.1 96350.1
386.1 1851339.3 1850986.3 94663.8
387.933 1857378.8 1858630.6 93611.7
389.617 1866169.8 1865958.4 93507.8
391.433 1875491.5 1874049.3 94931.9
393.283 1880379.9 1882598.4 94734.3
395.25 1893203.7 1892930 93019
396.817 1901466.4 1900037.5 89731.1
398.617 1906074.4 1907062.7 86252.9
400.183 1912938.9 1913002.7 86578.8
401.8 1919329 1919722.3 86386.1
403.483 1926898.3 1928162.5 86694.1
405.25 1939020.5 1937940.2 89537.1
406.783 1945906.5 1946312.9 89440.1
408.733 1957823.5 1957655.9 89266.2
410.3 1965953 1966044.6 90714.5
412.017 1975896 1974729.7 89541.7
413.833 1984135.5 1982828.4 93060.5
415.517 1988554 1989089.9 95762.6
417.483 1996705 1997754.4 94521.8
419.433 2006968.2 2007719.1 91245
420.983 2014803.5 2015032.2 88686.3
422.583 2023480.5 2022255.2 85943.9
424.333 2030154 2029480.9 88370.4
425.933 2034995 2035327.4 91611.9
427.767 2042930.5 2042479.1 94787.1
429.667 2050185.2 2050615.4 95592.4
431.633 2059282 2058514.3 95519.5
433.183 2063799 2063474.3 93373.3
435.167 2068931.1 2069687.5 92787.8
436.767 2075339.1 2074801.6 92784
438.7 2080350.1 2081719.4 88578.2
440.35 2087678.6 2087858.6 87894.4
441.883 2094492 2093275.5 85661.8
443.583 2098269 2099292.1 84275.8
445.25 2104743.2 2105717.2 84835.6
446.783 2113269 2111718.5 84338.6
448.417 2117340.7 2117746.2 83298.8
450.067 2123668.7 2123456 85301.5
451.583 2128751.5 2128460 87067.1
453.333 2135001 2134209.9 87964.6
455.133 2139419.7 2139843.7 87997.5
456.817 2144063.7 2144875.4 89071.8
458.317 2150532.7 2149446.8 89976.5
460.183 2155676.7 2155461.6 90431.5
462.083 2160937.9 2161228.1 92784.1
463.65 2165660.1 2165481.5 92712.4
465.483 2171166.2 2170591.4 91010.4
467.35 2174236.6 2176111.1 92243.1
468.967 2182584.6 2181128.9 92794.1
470.75 2186298.6 2186827.9 93122.2
472.65 2193722.7 2192936 93705.8
474.467 2198143.1 2197648.2 94145.6
476.117 2200573.2 2201301.6 93594.8
478.033 2206469.9 2206197.1 92279
479.833 2210809.9 2210576.7 90450.9
481.5 2213615.4 2214057.6 88311.6
483.1 2217680.2 2217395.6 86300.3
484.833 2220671.3 2221270.9 86445
486.417 2225268.5 2224921.3 89179.9
488.083 2229182.5 2228892.1 91504
490 2233805.2 2233782.6 94419.2
491.867 2238147.2 2238661.5 93927.3
493.633 2243434.2 2243296.8 90253.1
495.35 2247358.2 2247544.7 89756.2
496.9 2251681.4 2251143.8 89937.6
498.767 2255763.8 2255465.4 90538.6
500.533 2258378.8 2259775.4 92555.7
502.233 2264591 2265044.1 92029.7
504.067 2272933.2 2271367.6 90857.5
505.833 2275871.2 2276205 91659.1
507.45 2280156.2 2279973.4 92293.8
509.3 2284607.3 2284594.2 94772.5
511.15 2289732.3 2289370.8 95253.3
513.133 2293897.1 2294025.1 92526.1
514.717 2297184.1 2297042.7 93074.4
516.367 2300000.1 2300244.9 96388.7
518.35 2306008.1 2305037.2 105224
520.783 2310295.7 2311671.1 103030
522.467 2315578.7 2315987.6 97222.8
524.183 2321005.9 2320987.2 90527.3
526.083 2327319 2326487.3 90339.2
527.6 2329969.3 2329772.6 90627.2
529.383 2333246.3 2333192.3 89444.4
531.183 2336403.5 2336852.9 91639.2
532.867 2340301.5 2340690.2 92437.8
534.667 2345952.5 2345222.6 94062
536.483 2349417.5 2349746.5 96820.4
538.4 2354859.8 2354752.1 98045.7
540.317 2359836.8 2359738.4 98375.3
542.15 2364341.8 2364229.9 95760.4
544.083 2367800.8 2369328.8 95386.6
545.683 2374830.8 2374158.3 94906.1
547.667 2381228.8 2380384.9 94472.1
549.417 2385038.8 2384473.7 96673.9
551.233 2387112.8 2388466.7 94541.6
553.233 2394160 2394096.8 92048.1
554.833 2398493 2398003.4 92739.7
556.433 2401946.7 2401194.7 93747.3
558.433 2404751.7 2405479.6 96716
560.483 2409916.8 2411079.4 94220.3
562.117 2416061.5 2415517 89370.4
563.767 2420201 2419183.2 88646.7
565.3 2421695 2421947.2 91702.3
567.25 2425977 2425739.2 96793.9
569.233 2429992 2429551.1 98774.4
571.15 2432401 2432402 97683.1
572.85 2433993.5 2435096 94202.2
574.85 2439857.5 2439182.9 90567.4
576.4 2441598.5 2441870.3 88639.6
578.067 2444667.5 2444582.2 85983.7
579.7 2446409.5 2447877.8 85879.9
581.4 2453243 2451937.7 85090.4
583.017 2455097 2455426.4 85765
584.567 2458168 2458628 86475.7
586.283 2463625 2462323.5 87843
588.033 2465427 2465404.1 88056.6
589.783 2467823 2467707.4 89044.7
591.3 2469368 2469521.7 90143.6
593.117 2472079 2472067.6 91437.1
594.983 2474760 2475150.9 95022.8
596.733 2478513 2478267.9 93949
598.667 2481781 2481537.4 91576.4
600.3 2483861 2483576.2 91471.6
601.967 2485249.2 2485261.1 91403.7
603.8 2487237 2487198.8 92874.5
605.683 2488719 2489598.3 95322.1
607.367 2492830 2492082.3 95712.5
609.333 2495039.2 2494743.4 96040.7
611.133 2496462 2496612.8 94161.2
613.033 2498465 2498407.1 90609.6
614.6 2499639.6 2499832.8 89151.1
616.283 2500973.6 2501843.7 89587.1
617.967 2505002 2504749 92999.2
619.9 2509172.2 2508408.5 94659.5
621.783 2511117.2 2510957.5 92003.5
623.517 2512498.9 2512505.3 89675.8
625.05 2513551.9 2513727.7 87783.3
626.817 2515586.7 2515166.5 86257.7
628.517 2516260.7 2516296.1 89701
630.033 2517006 2517306.2 89555.3
632.033 2519162 2519084.4 89864.6
633.617 2520481 2520406.6 89657.6
635.35 2521628 2521769.8 86602.9
637 2523021 2523156.3 88466
638.583 2524729 2524617.3 89305.2
640.45 2526628 2526467.5 88923.2
642.217 2527810 2528071.6 87564
643.8 2529585 2529331.5 86367.4
645.333 2530498 2530445.7 84618.7
647.1 2531503 2531767 85703.5
648.65 2533173 2532989.5 88439.7
650.333 2534304.2 2534460.2 88933.6
652.2 2536273.2 2536367.2 93281.5
653.85 2538226.2 2538161.9 97059.6
655.833 2540836.2 2540392.9 100494
657.867 2542363.2 2542147.4 101702
659.833 2543249.2 2543219.9 97548.8
661.633 2543774.2 2544094 93937.8
663.35 2545153.2 2545120.1 90440.1
665.133 2546298.2 2546249.8 87873.5
666.767 2547263.2 2547130.8 88262.6
668.333 2547648.2 2547982.1 88334.4
670.15 2549413.2 2549221.7 90393.8
671.883 2550426.2 2550422.1 90846.5
673.717 2551622.8 2551546.4 88533.4
675.333 2552346.8 2552359.1 88756.1
676.9 2553189.8 2553059.7 87400.7
678.75 2553829.8 2553876.1 87340.5
680.383 2554437.8 2554612 88933.3
681.983 2555526.8 2555493.9 88689.8
683.783 2556205.9 2557011.1 89759.6
685.533 2559546.9 2558939.5 89744.4
687.267 2560731.9 2560477.2 87183
688.917 2561525.9 2561337.7 86806
690.45 2561800.9 2561902.9 88094
692.167 2562444.9 2562700.5 89748.3
694.067 2564184.9 2563879.7 94129.8
695.75 2564347.9 2565136.2 95068.3
697.717 2567683.9 2567108.6 92631.6
699.483 2568522.9 2568478.6 93857.7
701.067 2569489.9 2569276.6 94671.2
703.033 2570149.9 2570110.4 95901.8
705.033 2570819.9 2570839.4 98194.5
706.683 2571326.9 2571425 98297.2
708.667 2572290.9 2572444.2 99789.5
710.617 2573510.9 2574056.6 105914
712.6 2576868.9 2576486.5 110283
715.05 2579849.9 2579695.6 102065
716.817 2581024 2580912.9 94550.3
718.35 2581692.5 2581544 90771.5
720.117 2582176.5 2582113 91525.5
721.983 2582599 2582646.1 97030.9
723.783 2583258 2583140.5 97867.1
725.917 2583596 2583721 94639
727.517 2584011 2584218.6 92076.6
729.2 2584966 2584891.8 88627.6
730.95 2585783 2585574.4 89266
732.65 2585973 2586097.5 90361.5
734.367 2586584 2586664.4 92339.7
736.133 2587515 2587329 94885.2
738.067 2587938 2588002.3 98003.1
739.917 2588704 2588586 97208.4
741.917 2588932 2589303.4 92561.7
743.567 2589985 2590088.2 90769.1
745.15 2591087 2590963.5 89698.9
746.933 2592111 2591937.9 90194.4
748.8 2592885.5 2592675.8 90735.3
750.45 2592998.5 2593041.4 90611.3
752.117 2593300.5 2593374.6 90635.6
753.917 2593794.5 2593885.8 94380.4
755.717 2594623.5 2594540.1 96620.7
757.767 2595310.5 2595285.8 98405.3
759.45 2595751.5 2595819.2 100927
761.433 2596665.5 2596534.5 101753
763.65 2597045.5 2597567.2 99366.8
765.333 2598675.5 2598500.2 96732.2
767.05 2599605.5 2599434.3 93171.8
769.033 2600322.5 2600357.5 95351.1
770.667 2601106.5 2600968.2 96156.7
772.65 2601534.5 2601701.7 94914.4
774.45 2602568.5 2602361.8 92255.4
776.267 2602723.5 2602954.8 89017.7
777.783 2603430.5 2603505.1 88470.2
779.467 2604389.5 2604219.1 89272.2
781.233 2604987.5 2604934 92246
783.117 2605615.5 2605575.9 93201.1
784.867 2606124.5 2606041.8 90742.8
786.65 2606299.5 2606450.3 90853.9
788.167 2606888.7 2606854.4 92432.4
790.083 2607434.7 2607621.4 94731.2
792 2608516.7 2608827 94627.7
793.883 2610519.7 2610099.3 91373.6
795.433 2610772.7 2610812.3 91142.9
797.1 2611492.7 2611403.2 92060.5
799.033 2612168.7 2612028 97071.8
800.933 2612455.6 2612518.8 100508
802.867 2612890.6 2613191.4 100116
804.867 2614375.6 2614195 98584.2
806.65 2614897.6 2615040.4 96011.1
808.517 2615997.6 2615906.8 95383.6
810.233 2616661.6 2616675.6 94783.5
812.217 2617640.6 2617520.9 93101.3
813.883 2617974.6 2618157.6 90618.8
815.65 2618737.6 2618947.3 90332.4
817.183 2620084.6 2619692.5 90528.4
819.167 2620424.6 2620552.4 92262
820.767 2621215.6 2621179.9 93102.5
822.683 2621892.6 2622102.5 89756.8
824.383 2622841.8 2623137.3 88775.3
825.983 2624539.8 2624152.3 87283.3
827.633 2625162.8 2624978.5 87576
829.35 2625577.8 2625624.5 87696.2
831.117 2625902.8 2626472.3 86737.5
832.717 2627688.8 2627532.2 85456.9
834.3 2628723.8 2628603.1 84075.1
835.933 2629667.8 2629532.5 87997.2
837.467 2630347.8 2630285.6 94111.7
839.5 2631549.8 2631312.8 103202
841.767 2632006.8 2632690.4 102692
843.683 2634416.8 2634174.4 97043.9
845.267 2634879.8 2635552.5 94685
847.117 2638191.8 2637565.2 93696.6
849.083 2639537 2639419.1 99419.3
850.717 2640549 2640608.3 101310
853.05 2642710 2642511.9 99531.9
854.717 2643446.2 2643470.9 97700.9
856.5 2644089.2 2644686.3 91998.7
858.45 2646523.2 2646738.4 90874.5
859.983 2648839.2 2648224.7 92042.1
861.65 2649572.2 2649505.6 91533.6
863.667 2650839.2 2650986.9 92994.8
865.4 2652231.2 2652204.4 91278.8
867.083 2653355.2 2653281.4 87216.9
868.767 2654221.2 2654234.9 89142.6
870.267 2655122.2 2655062.4 92178
872.25 2656332.2 2656437.6 96469.1
874.233 2657959.2 2658114.8 99289.4
876.067 2659877.2 2659653.6 97508.1
877.933 2660967.2 2661094.8 94876.8
879.767 2662509.2 2662468.2 93500.3
881.483 2663563 2663790.2 94088.4
883.233 2665429 2665411.2 93478.6
885.233 2667392 2667587.9 95040.5
886.833 2669413 2669301.5 94276.1
888.783 2671506 2671510.7 91346.6
890.483 2672911 2673495.1 91354.2
892.15 2676267 2675471.1 89117.3
893.933 2677061 2677315.9 90822.6
895.55 2678861 2678914 93904.1
897.45 2681369 2681040.7 97999
899.417 2683209.2 2683159.5 101565
901.45 2684934.3 2685319.7 102019
903.283 2687731.3 2687361.1 99329.2
905.333 2689284.3 2689617.3 94336.5
907 2691098.3 2691435.7 90700.4
908.683 2693708.3 2693338.6 89982.5
910.267 2695021.3 2695171.2 90903.5
912.25 2697702.2 2697848.5 91651.1
913.95 2700213.2 2700145.2 90085.9
915.683 2702237.2 2702350.3 87426.9
917.233 2704139.2 2704401.1 85401.5
918.967 2706870.2 2706939.9 84620.5
920.483 2709474.2 2709167.8 87027.1
922.1 2710845.2 2712001 88138.3
923.967 2717250.2 2716252.2 89196.9
925.733 2719893.2 2719551.3 87299.9
927.333 2721642.2 2721549.4 84177.9
928.867 2722662.2 2723325.7 81908
930.433 2725611.2 2725427.6 81616
931.967 2727658.2 2727664.7 81420.4
933.6 2729966.2 2730085.5 82097.3
935.117 2732457.2 2732263.3 85873.8
936.65 2734727.2 2734584.8 86552
938.667 2737551.2 2738250.5 87944.7
940.183 2741251.2 2741035.3 89295.8
941.783 2743651.2 2744347.1 85968.7
943.633 2749562.2 2748813.1 86348.9
945.167 2751125 2752332.3 87574.6
946.783 2757326 2756038.2 88131.7
948.533 2760296 2759648.7 92284.3
950.367 2762395 2762972 93735.6
952.333 2766314 2767218.6 93768.4
953.9 2771093 2771207.7 91429.3
955.767 2776523 2776675.7 87395.2
957.4 2781647 2781089.7 86319.3
958.983 2784475 2784819.3 85087.9
960.567 2788543 2788600.4 87519.3
962.217 2793350 2793069.1 89605.2
964.183 2799064 2798673.5 90343.2
965.85 2802813 2802269.7 90537.4
967.45 2804651.3 2805070 88708.3
969.25 2808807.2 2808358.7 89946.1
970.933 2810622.2 2811739.1 92198.5
972.733 2816897.2 2815898.9 92318.4
974.583 2819909.2 2819695 94559.1
976.267 2822465.2 2822543.5 94615.9
978.25 2826040.8 2826075.2 95002.2
979.95 2828706.8 2829285.1 96230.1
981.817 2833695.1 2833564.7 94118.3
983.75 2837891.1 2838391.9 93626.3
985.367 2842654.6 2842122.3 92142.5
987.167 2845891.6 2846190.2 91236.5
988.9 2850455.7 2850183.7 92309.5
990.717 2853856.4 2854766.9 92195.2
992.467 2859817.4 2859836.2 90767.1
994.25 2865622.4 2864917 89101.2
995.867 2868507.4 2868782.1 89174.7
997.533 2873112.4 2872543.8 89243.5
999.333 2875670.4 2877223.2 90893.2
1001.07 2883187.4 2882758.9 90370.6
1002.87 2888724.4 2888623.2 89917.5
1004.45 2893011.4 2893442 88722.3
1006.25 2900216.4 2898748.5 85646.4
1007.9 2901633.4 2902839.8 84183.3
1009.42 2906332.7 2906477.6 83515.4
1010.93 2910703.7 2910344 85712.6
1012.58 2915815.7 2914539.1 90724.7
1014.5 2918860.7 2919046.1 97562.2
1016.47 2923676.1 2923627.5 97179.1
1018.45 2927358.1 2928429.3 91168.3
1020 2931690.1 2932363.1 87161.9
1021.58 2937406.1 2936621.4 84516.9
1023.18 2940911.1 2940991.1 85179.7
1024.87 2945057.1 2946098.8 86053
1026.55 2952059.1 2951929.3 86218.8
1028.2 2958375.1 2957485.3 87725
1029.77 2961639.1 2962582.1 88830.5
1031.62 2970468.1 2969135.9 89814.1
1033.38 2973725.1 2975003.4 92957.6
1035.02 2981655.1 2980291 94109.3
1036.98 2986693.1 2986703.5 95042.4
1038.85 2991643.1 2992607.1 96258.9
1040.58 2999273.1 2997974 96371.2
1042.47 3003081.1 3003336.6 104718
1044.35 3010289.1 3008226.1 134326
1047.97 3022213.6 3023960.4 131375
1049.72 3027677.6 3028344.8 105823
1051.62 3033913 3034513.8 97560.6
1053.52 3042442.5 3041517.9 95025.1
1055.4 3047106.8 3047236.6 93684.2
1056.97 3051724.8 3050891.1 94483.3
1058.82 3054883.8 3054945.9 96084.6
1060.85 3059343.8 3060054.1 99896.1
1062.68 3065018.1 3065682.4 97515.9
1064.67 3072067.1 3073202.7 93949.4
1066.28 3080699.1 3078803.3 93696.6
1068.02 3083781.1 3084167 91693.1
1069.97 3089159.1 3090986 91013.9
1071.63 3098522.1 3096803.6 91673.8
1073.22 3102215.1 3101259.3 91967.5
1075.12 3105457.1 3105748.8 95785.4
1077.02 3110319.1 3110588.3 98710.2
1078.97 3114961.1 3117023.1 99186.2
1080.78 3126298.1 3123788.6 99542.2
1082.75 3129714 3129836.8 99541.6
1084.68 3134686 3134806.8 99300.7
1086.55 3138256 3140910.8 97911.2
1088.42 3150496.5 3149110 96008
1090.28 3157284 3156482.4 94897.2
1092.02 3161883.5 3161629.5 94109.3
1093.85 3166003 3166668 95145.8
1095.63 3172443.5 3172183.6 95346.7
1097.62 3178239 3179021.8 95543.5
1099.27 3185138 3184608.1 94769.9
1101.18 3190770 3191350.2 95101.8
1102.9 3198303.5 3197462.6 97131.1
1104.9 3204513.5 3204503.9 98103.8
1106.73 3210329.4 3210612.9 97794.1
1108.67 3217426.8 3216891.3 97106.8
1110.4 3222272.8 3221478.4 97813.2
1112.35 3225453.8 3226288.7 98228.6
1114.27 3231187.6 3232296.6 95437.8
1116.18 3239491.6 3239107.1 89861.8
1117.73 3243047 3244003.2 87705.6
1119.28 3250194 3248548.3 86973.1
1121 3253094 3253512.2 89643.6
1122.82 3258500.1 3259529.2 91314.7
1124.65 3266698.3 3266377.9 92648.1
1126.25 3272337.3 3272196.3 92768.6
1128.15 3279407.5 3279401.7 94754.1
1129.92 3286453.7 3286183.6 98165.8
1131.9 3294392.3 3293677.5 98674
1133.83 3299928.1 3300078.1 95739.6
1135.67 3304994.8 3305561.7 90675.1
1137.3 3310164.8 3310260.9 87733.5
1138.9 3314791.8 3314949.9 86860.5
1140.55 3320717.8 3319985.5 87161.3
1142.33 3324333.8 3325696.1 89819.1
1143.95 3332379.8 3331310.7 92234.2
1145.8 3337186.8 3338809 93083.8
1147.68 3349014.8 3347068.5 91339.4
1149.45 3352405.8 3353169.5 88591.4
1150.98 3358070.8 3357330.2 89138.6
1152.58 3361405.8 3361884.9 89386.3
1154.57 3369004.9 3368565.1 90391.3
1156.27 3373667.1 3373484.5 89250.5
1157.88 3376823.1 3377702.5 86385
1159.52 3382387.1 3382567.4 86257.5
1161.15 3388196 3387970.4 87354.2
1162.88 3393809 3393884.7 89862.1
1164.57 3400767 3399219.5 92419.6
1166.43 3403627 3404578 91818.8
1168.3 3409898 3410168.5 90652.5
1169.87 3414341 3414945.4 90460.5
1171.53 3421481.5 3420426.4 88300
1173.45 3425660.5 3427189 89402.4
1174.98 3433636.4 3432283.5 91455.1
1176.68 3437178.9 3438528.9 91141.1
1178.65 3447728.9 3447698 92613
1180.38 3455935.9 3455122.4 94082.5
1182.03 3461494.9 3461260.1 93738.8
1184 3468629.9 3468943.2 93793.9
1185.82 3476390.9 3475360.6 93398.1
1187.5 3480021.9 3480039.6 91274.5
1189.27 3484188 3484919 90212.6
1191 3489585 3490668.9 91641.1
1192.7 3498495 3496975.9 93738.4
1194.55 3503567 3503700.1 96153.5
1196.5 3510904 3510525.9 94817.6
1198.38 3515788 3516412.4 93056.8
1199.92 3520608 3521183.8 92456.5
1201.73 3528289 3527918.9 92492.8
1203.63 3536453 3534750.2 95801.1
1205.4 3538980 3539270.7 96862.9
1207.3 3543766.9 3543565.3 96102.8
1209.2 3547422.9 3548043.6 93273.8
1210.97 3552094.9 3552303.5 89830.6
1212.58 3556365.9 3556023.5 88974.9
1214.2 3559452.9 3559869.9 89487.8
1216.03 3565087.9 3564879.3 92110
1217.82 3569973.9 3570153.1 91434.4
1219.68 3574791.5 3575995.1 87750.8
1221.23 3581209.5 3580774.5 86016.7
1222.78 3586023.6 3585058.6 86778.2
1224.38 3589334.6 3589123.7 88297.6
1226.37 3593989.6 3594298.6 88981.3
1228 3598496.6 3597973.2 90229.4
1229.53 3600294.6 3601431.3 87703.1
1231.43 3607824 3606381 88285.2
1233 3608983 3610260.7 87536.4
1234.77 3613816.7 3615692.3 84686.3
1236.3 3621672.7 3621375.9 86383.1
1237.83 3629087.7 3626969.1 86240.9
1239.68 3632558.7 3632876.5 87231.5
1241.37 3637679.9 3637232.4 90828.4
1242.92 3640941.9 3640997.5 91000.7
1244.9 3645634 3647257.4 90998.4
1246.63 3653917 3653695.2 90617.4
1248.28 3660229 3659598.7 87565.5
1249.97 3664355 3665592.2 86018.8
1251.6 3671549 3672203.4 86335.9
1253.2 3678883 3679961.6 86247.7
1254.92 3691730 3688463.8 86920
1256.58 3694681 3694583 90304.9
1258.22 3698872 3699894.5 92594.7
1260.2 3708823 3707499.1 94332.3
1262.03 3713692 3713191.9 93874.9
1263.75 3716945.2 3717152.7 90225.1
1265.52 3720724.2 3721121.5 90527.2
1267.07 3724446.2 3725134 92420.7
1268.97 3732681.2 3730851.5 95579.2
1270.88 3735230.3 3735835 99081.6
1272.82 3740733.3 3740476.4 99191.4
1274.68 3744645.3 3744873 100206
1276.57 3749583.3 3749732 102289
1278.63 3756022.3 3755720.5 105703
1280.65 3761666.3 3761163.9 106866
1282.78 3765931.3 3766233.8 103841
1284.72 3770808.3 3770013.7 101216
1286.53 3772250 3773098.6 98812.6
1288.53 3776620 3777912.4 96728.1
1290.33 3783660 3783358.8 94382.1
1292.1 3789226 3788293.4 90079.6
1293.85 3791617 3792223.1 87868.1
1295.42 3795587 3795573.8 86799.3
1297.08 3798694 3799709.4 87564.9
1298.73 3805573 3804465.8 89190.6
1300.58 3809698 3809488.8 93257.5
1302.23 3813976 3813098.5 96563.1
1304.27 3816304 3817874.4 96385.4
1306.2 3823479 3822870.3 107408
1307.75 3828397 3825716.5 140755
1312.63 3837366 3839051.7 146758
1314.6 3841186 3841860.1 101010
1316.17 3844186 3845009 92247.6
1317.98 3850257 3849426.7 91345.9
1319.65 3853454 3853260.5 93896.6
1321.58 3857641 3857323 95786.1
1323.4 3860299 3861163.4 98397
1325.28 3866254 3865865.8 98323.4
1327.28 3870976 3871207.4 96300.1
1329.07 3875502.6 3875540.7 94930.3
1330.75 3879356.6 3879629.5 91853.4
1332.67 3885129.6 3884485.7 90323.7
1334.27 3887256.6 3888004.9 91820.9
1335.93 3892481.2 3891775.9 91105.1
1337.9 3896163.3 3896833 94004.7
1339.57 3901033.1 3901348.2 96426.7
1341.45 3908351.1 3906495.6 97363.6
1343.42 3910124.1 3910648.8 98055.5
1345.32 3914191.2 3913912 95312.2
1347.07 3916512.3 3916587.3 91596.2
1348.82 3918873.3 3919099 91700.1
1350.42 3921875.6 3921431.6 93182.8
1352.37 3924028.6 3924826.4 92281.1
1354.27 3928733 3928574.2 89614.5
1355.82 3931051 3931358.5 88109.6
1357.35 3933896 3934329.6 87127.7
1359.15 3939390.1 3938320.5 92055.1
1360.88 3941914.1 3941847.6 96627.6
1362.97 3945471.1 3946389.6 96990.2
1364.75 3951254 3950104.5 96197.3
1366.5 3952892 3952928.9 95480.8
1368.35 3955497.8 3955736.3 96089.8
1370.32 3959072.8 3959071 96956.6
1372.05 3962000.7 3961890.9 95157.2
1373.97 3964588.7 3965223.5 92716.3
1375.65 3968367 3968370 91995
1377.4 3972424.5 3971385.8 92568.5
1379.12 3973604.5 3973703.9 92988.9
1381.12 3975593.5 3976597.1 94692.5
1382.7 3979338 3979646.4 95238.1
1384.65 3985134 3984173 95854.8
1386.45 3987635.9 3987734.1 102935
1388.38 3991785.8 3991568.7 112246
1390.97 3998458.9 3998277.4 114460
1392.95 4001514.9 4002157.3 102938
1394.9 4005993.9 4005799.1 97354.6
1396.52 4008649.9 4008599.4 96621.3
1398.48 4012115.9 4012393.9 95968
1400.4 4016136.9 4016778.6 94796.4
1402.17 4021346.9 4020796.6 92541.8
1403.82 4024222.7 4024085.5 89301.1
1405.65 4027407.7 4027327.2 87071.1
1407.23 4029697.6 4029679.6 89369
1408.77 4032146.6 4031816.4 91855.1
1410.72 4034914.6 4034866 99003
1412.77 4038103.6 4038758.9 104307
1414.82 4043812 4042962.3 103204
1416.72 4045871 4045987.1 99883.8
1418.67 4048423 4048817.2 97392
1420.43 4051729.7 4051416.3 98583.6
1422.27 4054286.7 4054054 102596
1424.38 4057279.7 4057156 106521
1426.65 4059981.8 4060560.2 102075
1428.3 4062974.1 4062750.9 99632.8
1430.12 4065474.1 4065177.9 98515.7
1432.22 4067568.1 4068413 104821
1434.08 4072576.1 4071584.3 108772
1436.43 4075381.2 4075092.3 108462
1438.35 4076541.2 4077046.8 104512
1440.35 4079415.2 4079523.2 96665.1
1442.27 4081434.2 4082326.8 92134.2
1443.78 4085309.2 4084417.3 91768.7
1445.45 4086759.2 4086490.1 92390.9
1447.45 4088211.2 4089409.2 97046.6
1449.33 4093630.2 4092899.4 99354.4
1451.17 4096189.7 4096109.4 99729.2
1453.15 4098694.5 4100124.7 98624.8
1455.12 4106089.5 4104918.1 96890.3
1456.8 4108103.5 4108031.7 95170.4
1458.65 4110956.7 4110748.8 92882.7
1460.5 4113240.7 4113125.5 92039
1462.18 4114549.7 4115164.1 89988.2
1463.9 4117933.7 4117360.8 89401.1
1465.55 4119314.7 4119267.2 91300.4
1467.33 4121077.7 4121295.1 92982.8
1469.23 4124036.7 4123746.6 93538.6
1471.02 4124691.7 4126641.3 93184
1472.7 4131265 4130350.4 90701.1
1474.55 4134899.1 4134351.1 88067.9
1476.17 4136616.1 4136946.5 86762.1
1477.77 4139514.1 4139128.7 87926.9
1479.33 4141230.1 4141355.4 89376.8
1481.33 4144214.2 4145057.2 91529.9
1483 4149241.2 4148228.7 92610.6
1484.73 4150884.2 4150923.8 92820.1
1486.5 4153674.2 4153300.4 94504.7
1488.47 4155662.8 4155735.2 95109.3
1490.22 4157545 4157728.9 94677.4
1492 4159965 4159795.8 94843
1493.8 4162089 4161770.6 95243.5
1495.78 4163646 4163583.3 93985.3
1497.48 4164492 4165028.3 91852
1499.2 4166748 4166853.5 89184.2
1500.9 4169172 4168829.3 87080.5
1502.62 4170459 4170686.6 84848
1504.17 4171825 4172496.1 83374.1
1505.72 4174781 4174682.1 82868.7
1507.28 4177327 4177056.6 84653.1
1508.93 4179584 4179525.1 88830.7
1510.65 4182465 4182039.1 91825.2
1512.63 4184801.1 4184605.2 94808.9
1514.28 4186156.1 4186344.8 96781
1516.18 4188572.1 4188588.2 97436.3
1518.17 4191412.1 4191111.8 97646.7
1520.03 4192771.1 4193233.5 93582.7
1521.78 4195022.1 4195390.9 91498.2
1523.38 4198053.1 4197481.9 89912.6
1525.23 4199818.1 4199618.1 89647.9
1526.9 4201155 4201109.4 93043.7
1528.58 4202186 4202821.1 95500
1530.62 4206335.6 4205765.3 98344.9
1532.57 4208334.6 4208069.9 96296.5
1534.35 4209282.6 4209484.9 91256.9
1536.05 4210709.6 4210741.7 88188.8
1537.65 4211910.6 4212020.4 86180.8
1539.35 4213383.6 4213650.6 86100.1
1540.93 4214969.6 4215600.9 87750.5
1542.63 4219068.2 4217967.4 91900.6
1544.37 4219997.2 4220136.8 97311.2
1546.5 4222663.6 4223035 102200
1548.38 4226038.6 4225785.4 105221
1550.38 4229011.6 4228468.3 106823
1552.63 4230765.6 4230785.3 106599
1554.5 4232166 4232255 104058
1556.5 4233843.5 4234112.1 99014.1
1558.5 4236104.6 4236375.8 93617
1560.13 4238111.3 4238183.1 92770.7
1561.7 4240152.3 4239996.7 92472.8
1563.7 4242930.3 4242499.7 94180.5
1565.58 4244002.3 4244563 92682.3
1567.28 4246637.4 4246265.8 90350.4
1568.88 4247744.4 4247697.1 91143.8
1570.62 4249152.4 4249306.1 93042.9
1572.63 4251821.4 4251307 96886.5
1574.35 4252136.4 4252878.8 96947.6
1576.32 4255491.8 4255004.8 93328.4
1578.1 4256689.8 4256569.6 94495
1579.68 4257246.8 4257850.7 96832.8
1581.67 4260847 4260010.3 102222
1583.9 4261842 4262244.4 104734
1585.75 4263669 4264139.1 101939
1587.67 4267030 4266529 98007.8
1589.63 4268730 4268500.7 97095.7
1591.32 4269561 4269876.7 94906.2
1593.25 4270638 4272680.3 91009.8
1594.97 4277321 4276215.1 91661.5
1596.52 4279870 4278799.3 91657.2
1598.42 4280654 4280987.9 93309.3
1600.28 4282986.5 4282933.9 94160.1
1602.08 4284838.2 4284730.5 91127.3
1603.8 4286045.2 4286241 91521
1605.38 4288008.2 4287489.1 93550.8
1607.32 4288815.2 4288947.7 96812.7
1609.32 4290237.2 4290764.5 99134.7
1611.13 4292883.2 4292884 95315.7
1613.05 4295521.6 4295150.1 91124.3
1614.63 4296006.9 4296808.6 89441.4
1616.3 4299286.9 4298722.9 86465.8
1618.05 4300814.9 4300488.8 86774.4
1619.62 4301560.9 4301569.1 88183.9
1621.27 4302645.9 4302529.5 88837.3
1623.1 4303475.9 4303689.5 89593.1
1624.87 4304934 4304897.2 90768.6
1626.45 4305986 4305986.3 88519.6
1628.32 4307242 4307375.1 86945.7
1629.85 4308397 4308548.3 88246.5
1631.47 4310093.3 4309900.4 88372
1633.27 4311447.6 4311538.7 91038.4
1635.08 4313510.6 4313013.4 93958
1636.82 4313961.6 4314038.3 95267.1
1638.72 4315010.6 4315125 95370.2
1640.6 4316106.6 4316583.4 93221.7
1642.37 4318332.6 4318259.3 91440.7
1643.97 4319910 4319759.6 88743.6
1645.8 4321317 4321345.8 87354.1
1647.37 4322794 4322455.5 87633.5
1649.03 4323185 4323495.9 86062.9
1650.75 4324770 4324690.2 88040.2
1652.33 4325626 4326012.4 89171.3
1654.15 4328049 4327988.1 88577.4
1655.9 4329903 4330020.1 87600
1657.52 4331834 4331722 86124.2
1659.1 4333438 4333114.5 89072.1
1660.68 4334519 4334313.1 92751.9
1662.82 4335636 4336234.1 98319.1
1664.62 4338420.2 4338152.7 98604
1666.55 4340324.2 4340032.7 95083.1
1668.33 4341183.2 4341324 93940
1670.07 4342653.2 4342409.5 94220.8
1671.85 4343144.9 4343699.6 96331.6
1673.8 4345703.9 4345967.5 96277.3
1675.75 4348599.9 4348867.8 91906.8
1677.4 4351280.9 4351092.4 87800.7
1678.98 4353267.9 4352764.4 87843.9
1680.52 4353998.9 4354127.8 90067.6
1682.48 4356122 4356022.1 92039.9
1684.37 4357873 4357743.8 92170.4
1685.95 4358343 4359180.1 90216.1
1687.67 4361640 4361144 88319.2
1689.42 4363374 4363015.8 87730.1
1691.12 4364071 4364455.4 87395.9
1692.68 4365639 4365879 87127.4
1694.38 4368231 4367581.6 86347.8
1696.12 4368855 4369065.1 86832
1697.72 4370073 4370356.2 88385.7
1699.32 4372083 4371883.7 87544.1
1701.23 4373960.9 4373753.2 86713.3
1702.8 4374928.9 4374894.3 86856.3
1704.33 4375762.9 4375880.6 84279.5
1706.07 4377038 4377154.9 85815.4
1707.6 4378543 4378320.4 87901.8
1709.38 4379645 4379676.2 90988.8
1711.08 4380883 4381168.3 94480.8
1713.08 4383596 4383365.1 94398.1
1714.87 4384885 4385244 93725.4
1716.55 4387168 4386946.9 93054.2
1718.33 4389057 4388622.1 91972
1720.27 4389746.1 4390119.8 93079.9
1721.83 4391400.1 4391263.7 93176.8
1723.7 4392808 4392742.2 93557.3
1725.5 4394219 4394077.7 96509.6
1727.4 4395292 4395413.4 97419
1729.27 4396712 4397030.5 96654.3
1731.17 4398408 4399616.9 93346.6
1732.92 4403627.8 4402521.8 91550.6
1734.55 4404192.7 4405044.7 91138.2
1736.32 4408607.7 4407837.3 93631.9
1738.15 4410915.7 4410259.7 97338.2
1740.13 4411936.7 4411921.6 95738.5
1742.05 4412729.7 4413348.6 91059.4
1743.62 4414445.7 4414813.5 89728.3
1745.17 4417245.7 4416425.9 87632.6
1747.08 4418127.7 4418192.8 90192
1748.67 4419074.7 4419621.3 91669
1750.53 4422033.8 4421708.7 91657.7
1752.23 4423724.8 4423484.2 91470.4
1754.1 4425046.8 4425112.9 90450.2
1755.68 4425908.8 4426665.8 89007.3
1757.48 4429185.3 4428984.9 89135.2
1759.03 4431339.3 4430990.2 89722.9
1760.93 4433190.3 4433204 88754.1
1762.57 4435014.8 4434754.7 88824.1
1764.23 4435993.8 4436077.1 86316.9
1765.93 4437349.8 4437474.3 87916.8
1767.47 4438404.8 4439171.4 88638.8
1769.35 4442692.8 4441840.7 90626.7
1771 4443954.8 4443683.2 91905.8
1772.87 4445058.8 4445138.6 91228
1774.55 4446391.8 4446228.2 93473.2
1776.28 4447220.8 4447349.2 93609.4
1778.27 4448824.3 4448913.6 91517.1
1780.02 4449989.3 4450388.4 88754.8
1781.55 4451956.3 4451667.1 88348.2
1783.12 4453083.3 4452999 88178
1785.08 4454601.3 4454830.5 93059.9
1786.7 4456564.5 4456388.4 96580.8
1788.68 4458574.5 4458337.2 98632.7
1790.6 4459793 4460233.5 101507
1792.58 4462680 4462514.3 100625
1794.52 4464838 4464550.4 100028
1796.35 4465992 4466064.7 98333.3
1798.33 4467470 4467856.3 94017.6
1800.12 4469644 4469660.9 90020.8
1801.72 4471236 4471134 89890.6
1803.27 4472745 4472453.3 89995.7
1805.27 4473797 4474370 91613.8
1806.98 4476618 4476012.8 92517.3
1808.68 4477268 4477337.2 92895.1
1810.43 4478461.2 4478754.9 94992.7
1812.43 4481056.5 4480765.3 97920.9
1814.23 4482350.5 4482386.4 99076.3
1816.17 4484068.2 4484067.7 98402.3
1818.08 4485663.2 4485816.8 94511.4
1819.97 4487617.5 4487409.3 89869.5
1821.48 4488343.5 4488371.5 89016.1
1823.07 4489394.5 4489338.8 87084.4
1824.97 4490254.5 4490881.1 91390.5
1826.53 4492611 4492637.8 93201.6
1828.52 4495702 4495396 91005.4
1830.25 4497193.2 4497446.5 92141.4
1831.83 4499523.2 4499032.3 93049.2
1833.67 4500691.9 4500919.4 96223.5
1835.72 4503523 4503152.2 98903.7
1837.58 4504794 4504631.8 98059.8
1839.37 4505519 4505769.3 94908.1
1841.3 4507075.2 4507195.7 95392.5
1842.92 4508637.2 4508433.2 95339.7
1844.93 4510075.2 4509811.5 95708.5
1846.65 4510630.2 4510661.7 94249.8
1848.62 4511221.2 4511704.7 90681.6
1850.15 4512852.2 4512679.8 90355.6
1851.83 4513852.2 4513851.7 88500
1853.65 4515240.5 4515189.9 89538.5
1855.35 4516096.5 4516536 89671.5
1857.03 4518204.5 4518061.5 91200.3
1858.7 4519970.5 4519584 92739.1
1860.7 4521114.5 4521210.4 93928.7
1862.43 4522454.5 4522479.9 91638.2
1864.22 4523400.5 4523946.4 88729.9
1865.77 4525853.5 4525301.5 86410.5
1867.52 4526682.5 4526593 83838.4
1869.07 4527378.5 4527459 85253.9
1870.58 4528276.5 4528293.6 87560.5
1872.3 4529401.5 4529514.4 93520.2
1874.27 4531561 4531265.3 101190
1876.37 4533064 4532895.2 102592
1878.28 4533765 4534057.9 97144.8
1880.17 4535312 4535282.1 91027.4
1881.77 4536127 4536345.8 86526.2
1883.42 4537472 4537529.9 83564.5
1884.93 4538699.8 4538646.7 83139.2
1886.55 4540025.8 4539744.9 86130.6
1888.08 4540622.8 4540700.8 89210.9
1890.07 4542128.5 4542054.6 93957.9
1891.77 4543167.3 4543192 94037.3
1893.77 4544478.3 4544511.1 90153.1
1895.3 4545436.5 4545345.2 90755.3
1896.9 4546156.5 4546155.7 89932.5
1898.82 4547333.5 4547186.3 93115.9
1900.62 4547974.5 4548073.6 94670.3
1902.42 4548857.5 4549049.8 93238.1
1904.22 4550295.5 4550170.7 92807.1
1905.95 4551248.8 4551172.1 91638.1
1907.77 4552076.8 4552120.5 93666.4
1909.4 4552860.8 4553087.1 97012.4
1911.43 4554910.8 4554788.7 97976.9
1913.5 4556574 4556476.8 97070.9
1915.08 4557201 4557556.6 94906.9
1916.92 4559211 4559035.7 94370.2
1918.75 4560763 4560502.8 96252.9
1920.72 4561693 4561799 94617.4
1922.45 4562763 4562811.1 91578.2
1924.18 4563875 4563774.3 88564.9
1925.83 4564635 4564565.7 89935.6
1927.45 4565264 4565312.8 89851.8
1929.42 4566247 4566414.9 89104.8
1931.03 4567324 4567348 88589.3
1932.63 4568406 4568199.6 89000.4
1934.27 4569087 4569026.8 91400.3
1936.27 4569622 4570603.5 95661.5
1938.02 4572467 4573263.4 96620.7
1939.95 4578332 4576930.8 94143.2
1941.73 4579332 4579003.6 93641.1
1943.43 4579958.1 4579972.5 91981.1
1945.27 4580720.1 4581008.8 91806.3
1946.98 4581676.1 4582625.5 94041.5
1948.73 4585605.1 4585185.3 95710.4
1950.72 4589012.1 4588036.8 96794.2
1952.6 4589408.1 4589387.2 93705.1
1954.37 4589987.1 4590017.6 91338.2
1955.95 4590550.7 4590501.8 91612.1
1957.73 4591039.7 4591150.1 91995.7
1959.68 4591863.7 4592176.5 92372.6
1961.37 4593392.7 4593163.5 92218.5
1963.02 4594129.7 4593982.1 92572.4
1964.85 4594719.7 4594778.2 93348.9
1966.83 4595722.7 4595582.5 94940.9
1968.43 4595999.7 4596132.5 93344.5
1970.35 4596859.7 4596882.1 93383
1971.98 4597505.7 4597653.4 94770.9
1973.97 4598953.7 4598761.5 95248
1975.7 4599558.7 4599595 97596.1
1977.58 4600490.7 4600467.3 97868.8
1979.57 4601421.8 4601454 96605.7
1981.43 4602344.8 4602282.4 95747.3
1983.05 4602828.8 4603005.7 92385
1985.05 4604013.8 4604150.1 88587.5
1986.6 4605170.2 4604956.7 89277.3
1988.13 4605698.2 4605651.9 88675.9
1989.97 4606063.2 4606890.2 91806.7
1991.83 4609397.2 4608740 95166.5
1993.62 4610159.2 4610328.9 93317.2
1995.5 4611942.2 4611658.2 90602.4
1997.12 4612532.2 4612429.8 92391.2
1998.72 4613097.2 4612942.8 92559.7
2000.83 4613437.2 4613508.3 96482.8
2002.48 4613923.2 4613953.3 96043.1
2004.48 4614367.2 4614746.9 91695.8
2006.12 4615868.2 4615468.5 90060.7
2007.8 4616017.2 4616008.7 89125.3
2009.43 4616336.2 4616437.1 90451.1
2011.3 4617090.2 4617031.8 91085.2
2013.08 4617457.2 4617663.9 90967.7
2014.75 4618504.2 4618236.5 88865
2016.47 4618739.2 4618644.6 89641.3
2018.08 4618781.2 4618919.4 93377.8
2019.93 4619326.2 4619431.8 95468.7
2022.07 4620297.2 4620408.6 95581
2023.63 4620819.2 4621310 92030.3
2025.43 4623049.2 4622555.8 87852.9
2027.05 4623553.2 4623396 87755.2
2028.75 4623975.5 4623932.6 89408.2
2030.35 4624122.5 4624499.9 91153.4
2032.32 4625801.5 4625513.2 93518.7
2034.02 4626328.5 4626191.3 95084.5
2035.88 4626669.5 4626658.4 95004.3
2037.7 4626933.5 4627159.2 94487.5
2039.6 4627846.5 4628056.4 91236.9
2041.27 4628533.5 4629303.1 88968.6
2042.88 4631543.5 4630732.2 86956.6
2044.57 4632145.5 4631852.2 89030.7
2046.2 4632334 4632537.7 90754.7
2048.15 4633520 4633315.9 94086.3
2049.8 4633888 4633826.3 95984.4
2051.78 4634304 4634309.2 93565.7
2053.62 4634611 4634777.4 91589
2055.23 4635279 4635325 88013.3
2056.93 4635559 4636247.5 87262.2
2058.5 4638003 4637342.8 88987.1
2060.28 4638616 4638322.9 92292
2062.07 4638808 4638853 96950.1
2064.03 4639341 4639305.3 99457.7
2065.98 4639738 4639752.4 98191.3
2067.88 4640053 4640275.5 94752.1
2069.6 4640862 4640909.7 94221.1
2071.3 4641812 4641584.5 93938.7
2073.28 4642235 4642234 96382
2075.02 4642739.1 4642653.6 97443.2
2076.98 4642922.3 4643186.8 94396.9
2078.83 4643858.3 4643874.3 91703.9
2080.45 4644640.3 4644418.2 88874
2082.12 4644783.3 4644816.9 85911.5
2083.83 4645188.3 4645152.6 85772.6
2085.37 4645288.3 4645605.1 85980.2
2087.03 4645756.3 4646701.7 86024.5
2088.72 4649310.3 4648336.4 86282.6
2090.43 4649767.3 4649488.5 86059.1
2092 4649972.3 4649950.1 85942.2
2093.63 4650181.3 4650382.8 85859.2
2095.33 4650328.3 4651343.1 91941.9
2096.92 4653959.3 4652695.2 95993.2
2099.25 4654257.3 4654127.3 98752.1
2100.82 4654398.3 4654447.6 95611.8
2102.75 4654753.3 4654748.1 89638.7
2104.37 4655025.3 4654978.2 91000.3
2106 4655090.3 4655224.1 91997.1
2107.87 4655746.3 4655584.7 96166.7
2109.82 4655839.3 4655963.9 96389.2
2111.77 4656279.3 4656451.9 92446.4
2113.35 4657055.3 4656882 89200.8
2115.03 4657255.3 4657350.4 88563.1
2116.65 4657455.3 4658142.2 89277
2118.58 4660242 4659539.2 94317.6
2120.12 4660449 4660287.6 96798.9
2122.32 4660832 4660820.6 94976.3
2124.02 4661062 4661065 95123.9
2125.67 4661313 4661263.9 92603.7
2127.6 4661378 4661576.3 92354.5
2129.37 4662027 4661986.9 90928.9
2131.08 4662486 4662324.8 91312
2132.65 4662507 4662505.5 91845.2
2134.65 4662623 4662712.9 93804.5
2136.37 4662950 4662975.3 92877.5
2138.25 4663322 4663318.4 90653.1
2139.8 4663582 4663582.5 91841.3
2141.55 4663936 4663866.9 92893.7
2143.48 4664157 4664154.4 93750.2
2145.38 4664337 4664420.2 93189.4
2146.92 4664704 4664642.6 89665
2148.8 4664917 4664895.8 86166.5
2150.33 4665030 4665059.3 86132.4
2151.93 4665260 4665215.1 86848.5
2153.53 4665340 4665383.1 89136.4
2155.47 4665656 4665615.7 93530.3
2157.15 4665826 4665771.1 94265.3
2159.13 4665858 4665895.5 92692.1
2160.75 4665987 4666001.3 92529.7
2162.53 4666155 4666139.8 94165.8
2164.27 4666288 4666282.8 99106.1
2166.4 4666477 4666485.7 103115
2168.37 4666647 4666809.4 102201
2170.33 4666890 4667781.8 96747.1
2172.17 4669972 4669161.7 91560.1
2173.83 4670027 4669904 87188
2175.47 4670206 4670162.2 86104.5
2177 4670256 4670297.5 87706.4
2178.73 4670437 4670582.1 90973.1
2180.58 4670726 4671461.6 95458.6
2182.47 4673670 4672871 97955.9
2184.33 4673799 4673782.6 97360.5
2186.28 4674321 4674254.8 93252.4
2188.05 4674562 4674500.1 91786.6
2189.58 4674623 4674623.8 89134.1
2191.47 4674734 4674761.5 90718.1
2193.02 4674883 4674900.3 93156.4
2194.98 4675152 4675121.2 92196.3
2196.78 4675257 4675327.8 91121.2
2198.47 4675593 4675506.6 92326.6
2200.02 4675622 4675650.6 92940.1
2202.15 4675891 4675853.8 94439.2
2203.82 4675954 4675982.2 94595.7
2205.6 4676134 4676119.3 93921.9
2207.37 4676202 4676328.6 94638.4
2209.38 4676765.2 4676667.7 95773.2
2211 4676881.2 4676885.3 93910.3
2212.97 4677123.2 4677120.1 90187.5
2214.57 4677123.2 4677389.8 90012.1
2216.22 4677949.2 4677791.2 90005.3
2217.95 4678297.2 4678194 92775.7
2219.87 4678536.2 4678479.2 93046.3
2221.73 4678626.2 4678628.9 94330.2
2223.27 4678678.2 4678752.8 93733.6
2225.27 4679039.2 4678989.7 93564.1
2227.03 4679200.2 4679159.9 95402.2
2228.8 4679245.2 4679280.9 95173.6
2230.68 4679453.2 4679415 94885.7
2232.58 4679482.2 4679614.1 96382.5
2234.23 4679682.2 4680056.9 97347.7
2236.25 4681422.2 4680959.8 98222.2
2238.17 4681492.2 4681479.4 99482.2
2240 4681713.2 4681686.1 98984.2
2241.93 4681866.2 4681835.6 99833.3
2243.85 4681930.1 4681949.5 100306
2245.82 4682066.1 4682087.2 96846.5
2247.7 4682200.1 4682274.7 91637.8
2249.35 4682479.1 4682480.5 88769.5
2250.93 4682711.8 4682692.1 88199.9
2252.63 4682902.8 4682938.6 90117
2254.45 4683316.8 4683191.6 93227.7
2256.27 4683352.8 4683336.8 95502.9
2258.08 4683389.8 4683431 94454.1
2260.02 4683495.8 4683619.5 94181
2261.63 4683917.8 4683844.3 95152
2263.48 4684150.8 4684092.9 94496.2
2265.48 4684278.8 4684289.2 95314.8
2267.15 4684389.8 4684436.8 94601.5
2268.95 4684663.8 4684633.9 94779.2
2270.78 4684813.8 4684896 94975.9
2272.78 4685221.5 4685296.5 93388.7
2274.37 4685721.5 4685599.7 93886.9
2276.08 4685887.5 4685863.6 94253.2
2278.08 4686051.6 4686236.1 95758.5
2280 4686820.6 4686696.5 95070
2281.62 4686997.6 4687011.2 93407.2
2283.45 4687369 4687296.3 93646.5
2285.25 4687511 4687529 95272.5
2287.17 4687764 4687758.9 94263.7
2288.93 4687979 4687936.5 90667.3
2290.7 4688045.8 4688073.4 87588.6
2292.23 4688167.8 4688192.3 87264.7
2293.87 4688357.8 4688349.5 89223.8
2295.6 4688533.8 4688558 94375.6
2297.57 4688893.8 4688855.3 97088.4
2299.55 4688977.8 4689264.7 93926.4
2301.25 4689891.8 4689694.4 90529.1
2302.85 4690063.8 4690011.5 87687.5
2304.58 4690231.8 4690247.6 87423.8
2306.23 4690471.8 4690444.3 86813
2307.97 4690591.8 4690688.9 85837.2
2309.52 4690801.8 4691020.9 86445.6
2311.13 4691749.8 4691449.6 85999.5
2312.9 4691797.8 4691822.3 89390.5
2314.5 4692055.8 4692109.4 92496.6
2316.4 4692418.8 4692679.5 94460.9
2318.28 4693687.8 4693479.2 95306.6
2320.1 4694091.8 4694246.9 94822.3
2321.82 4694624.8 4695309.3 95099.2
2323.7 4697775.8 4696919.4 94156
2325.62 4697933.8 4698022.5 95225.1
2327.22 4698709.8 4698506.9 94746.7
2329.18 4698925.8 4698956.5 93925.7
2330.97 4699233.8 4699371.5 95346
2332.73 4699923.8 4699910.5 94234.3
2334.62 4700519.8 4700667.7 92134.8
2336.4 4701337.8 4701540.9 89078.8
2338.03 4702651.8 4702304.6 87074.6
2339.6 4702891.8 4702827 87453.5
2341.27 4703196 4703255.3 88724.9
2343.12 4703783 4703806.1 88895.7
2344.85 4704140 4704462.1 87170.1
2346.43 4705358.3 4705131.3 86360.2
2347.98 4705819.3 4705706.7 88082
2349.7 4706300.3 4706301.2 91366.3
2351.65 4706468.3 4707570.2 92616
2353.47 4710088.3 4709333.8 93097.1
2355.02 4710690.3 4710463.8 91684.6
2356.93 4711442.3 4711328.1 91660.5
2358.65 4711678.3 4711992.3 94563.4
2360.42 4713005.3 4712863.1 94708.9
2362.38 4713924.3 4713893.3 96594.4
2364.13 4714767.3 4714612.7 97872.4
2366.05 4715285.3 4715210.6 96613
2368 4715501.3 4715801 93968.5
2369.72 4716554.3 4716401.6 92160.6
2371.35 4716979.3 4716908.6 92696.4
2373.15 4717427.3 4717354.1 102171
2375.1 4717876.3 4717787.8 137572
2378.85 4719614.3 4719864.2 137877
2380.82 4720430.3 4720576 105291
2382.57 4721253.3 4721395.1 98257
2384.48 4722671.3 4722500.2 98912.1
2386.38 4723449.3 4723669.4 101409
2388.4 4725279.3 4725005.1 101221
2390.35 4726038.3 4726045.9 97006.8
2392.22 4726652.3 4726922.3 95390.9
2393.8 4727878.3 4727775.5 94889.5
2395.78 4729059.3 4729137.7 93207.4
2397.65 4729945.3 4730835.8 92767.7
2399.25 4733069.3 4732643.7 92592.7
2400.97 4734679.3 4734822.2 93716.4
2402.93 4738084.3 4737247.6 96560.9
2404.83 4738631.3 4738778.9 97041.3
2406.6 4739864.3 4739856.7 93650
2408.5 4740993.3 4741023.1 92095.9
2410.07 4741894.3 4741930.3 92644.1
2411.87 4743211.3 4742976.2 92371.9
2413.77 4743915.3 4743981.8 94075.6
2415.52 4744772.3 4744836.8 95068.9
2417.28 4745854.3 4745763 94129.1
2419.25 4746660.3 4746903 95786.2
2420.9 4748138.3 4747846.8 95991.9
2422.88 4748851.3 4748982.8 93524.2
2424.67 4749546.3 4750375.4 92822
2426.33 4752089.3 4752397.7 90982.9
2428.1 4755791.3 4754835.2 91789.6
2429.83 4756697.3 4756589.5 92908.1
2431.73 4757948.3 4757954.3 95568.1
2433.42 4759199.3 4758948.8 98523.7
2435.45 4760018.3 4759984.7 100294
2437.45 4760813.1 4760912.3 100612
2439.3 4761725.1 4761825.8 99369.1
2441.17 4763018.1 4762813.4 96688.7
2443.15 4763576.1 4763832 93412.2
2444.8 4764481.1 4764825.9 91459
2446.47 4766321.1 4766050.6 90995.3
2448.22 4767444.1 4767344.3 93930.2
2450.12 4768649.1 4768692.6 97895.6
2452.02 4770132.1 4770058 99148.4
2454 4771369.1 4771471.5 97218.9
2455.8 4772808.1 4772631.3 92714.7
2457.6 4773462.1 4773626.2 88861.6
2459.17 4774519.1 4774417.6 89232.8
2460.78 4775166.1 4775293.1 90345.6
2462.67 4776716.3 4776528 92793.9
2464.55 4777323.3 4777920.4 94471.3
2466.23 4779764.3 4779396.4 93876.8
2468.08 4780519.3 4781468 94024.6
2469.88 4784859.3 4783783.5 95768
2471.73 4785567.3 4785596.7 95321.3
2473.62 4786976.3 4786973.2 93572.4
2475.37 4787886.3 4788320.7 92362
2477.05 4789840.3 4789968.4 91632
2478.85 4792446 4791905.2 93037.4
2480.63 4793384 4793598.8 94016.2
2482.52 4795185 4795539.3 91737.4
2484.28 4797871 4797304.6 89572.9
2485.87 4798482 4798468.2 88213.8
2487.53 4799348 4799562 86911.5
2489.3 4800786 4800996.4 86521
2490.93 4802628 4802343.5 87847.1
2492.48 4803586 4803430.2 90082.3
2494.27 4804624 4804589.4 96219.8
2496.25 4806031 4806035.2 102719
2498.45 4807569 4808094.2 102042
2500.2 4809849 4810090.9 98754.1
2502.08 4812850 4812581.8 93910.6
2503.95 4815078.1 4814666.8 90661.5
2505.6 4815558.1 4816004.9 90135.1
2507.15 4817413.1 4817420.5 88955.6
2509.05 4819201.1 4819960.8 89239.7
2510.73 4823027.1 4822585.4 89827.7
2512.4 4825064.1 4825016.1 87880
2514.12 4827478.1 4827169.5 89285.8
2515.73 4828961 4828896.8 90595.7
2517.6 4830933.9 4830832.4 90202.9
2519.38 4832282.9 4832599.3 90402.1
2520.98 4834457.9 4834111.2 88750
2522.73 4835576.9 4835675.3 89069.7
2524.38 4837163.9 4837092.3 92550.5
2526.17 4838805.9 4838733.8 95381.1
2528.17 4840593.9 4840813.1 97456.9
2530.02 4842886.2 4842732.3 98243.2
2531.8 4844607.2 4844390.7 97733.5
2533.8 4845842.2 4846331.2 96000.6
2535.65 4848433.2 4848305.3 93135.9
2537.33 4850016.2 4849918.8 92322.5
2538.98 4851403.2 4851398 92801.9
2540.92 4853351.9 4853304.5 93617.7
2542.77 4854904.9 4855093.9 93094.4
2544.45 4856907.9 4856524.5 91859.9
2546.17 4857632.1 4857816.9 92431.9
2547.97 4859404.1 4859167.2 92429.5
2549.9 4860380.1 4860570.4 91755.3
2551.48 4861513.6 4861772.6 89400
2553.25 4863276.6 4863448.7 89723
2554.8 4865209.6 4865191.1 92979.7
2556.75 4868039.6 4867747.6 95156.4
2558.7 4870099.6 4870071.5 97724.2
2560.43 4871897.6 4871797.5 96611.3
2562.37 4873279.6 4874109.2 92881.7
2564.2 4877020.6 4876660.8 93179.4
2565.72 4878698.6 4878575 93760.4
2567.63 4881193 4880961.6 94367.5
2569.63 4883162 4883390.8 96326.1
2571.3 4885427 4885183.5 93329.7
2573.18 4886949 4887102.5 89214.7
2574.82 4888620 4888633.4 90808.7
2576.38 4890259 4890063.8 92006
2578.33 4892035 4892047.9 96271.6
2580.25 4894082 4894067.6 98508.3
2582.17 4896006 4895968.7 96565.2
2583.95 4897613 4897562.4 94548
2585.75 4898744 4899363.2 91641.2
2587.55 4901778.3 4901452.4 92776.4
2589.13 4903385.3 4903202.8 93144
2591.12 4904813.3 4905840.8 92919
2592.88 4909391.3 4908531.2 94028.4
2594.58 4910465 4910939 93979.5
2596.42 4913970 4913762.8 92946.9
2598.38 4916695 4916780.7 91896.5
2599.92 4918920 4918719.6 90671.4
2601.65 4920665 4920791.6 91060.8
2603.38 4923346 4922954.8 92943.8
2605.4 4925180 4925394 94773.9
2606.98 4927178 4927206.8 93767.4
2608.92 4929223 4930036.7 90046.2
2610.6 4933286 4932738.8 89972.7
2612.22 4935161 4935011.5 90500
2613.92 4937392 4937130 93472.2
2615.88 4939718 4939374.8 98909.2
2617.78 4940997 4941296.1 101507
2619.82 4943639.5 4943602.1 97968.1
2621.72 4945379.5 4945784.3 93978.8
2623.33 4947758.5 4947604 91001.9
2625.08 4949620.5 4949610.7 91138.6
2626.78 4951791.5 4951503.4 92724.8
2628.72 4953446.5 4953735.6 92066.8
2630.45 4954908.5 4956236.2 92629.9
2632.08 4960264.5 4959214.3 92770.9
2633.95 4962782 4962661.5 94307.1
2635.85 4965988 4965488.6 96087.4
2637.63 4967271.2 4967529 96452.1
2639.47 4969855.2 4969551.4 96021.3
2641.4 4971202.2 4971854.7 97672.9
2643.15 4974393.2 4974434 99297.8
2645.15 4978177.2 4978067.6 100581
2647.13 4981972.4 4981339.4 100939
2649.03 4983287.4 4983788.7 96233.9
2650.95 4986518.8 4985980.7 92450
2652.5 4987119.8 4987399 89534
2654.28 4988878.8 4989066.6 90335.6
2655.85 4990885.8 4990809 93701.9
2657.87 4993668.8 4993402.4 96362
2659.73 4995326 4995641.9 98320.6
2661.57 4998192 4997801.8 93942.5
2663.52 4999497 4999928.1 88961.2
2665.03 5001363 5001412.2 86788.7
2666.58 5003274 5002878.7 85707.8
2668.23 5004357 5004438.4 88312.5
2670.05 5005865 5006582 92128.7
2671.83 5009845 5009079.2 93846
2673.67 5011359 5011278 94744.9
2675.43 5012676.2 5013299.8 93060.4
2677.37 5016099.2 5015983.3 91000.6
2678.92 5018298.2 5017841 89167.6
2680.65 5019066.2 5019784.5 85792.6
2682.32 5021978.2 5021906.3 86468.4
2683.88 5024401.2 5023778.1 87997.4
2685.55 5025341.2 5025538 89842
2687.43 5027805.2 5027557.3 93106.8
2689.2 5028816.2 5029718.6 92393.5
2691.05 5033093.2 5032257.9 88357.3
2692.67 5033762.2 5033972.8 86164.9
2694.22 5035468.3 5035205.2 86705
2695.78 5036456.3 5036364.1 87707.4
2697.72 5037661.3 5037992.6 89742.7
2699.38 5039547.2 5039503.8 90645.7
2701.07 5041160.2 5041008.2 90911.7
2702.78 5042626.2 5042412.1 93042.4
2704.7 5043681.2 5044021.4 95348.2
2706.52 5045779.2 5045776.6 96957.7
2708.35 5047724 5047722.9 95015.8
2710.3 5049930 5049683.7 92856.1
2711.93 5050798 5051030.3 93042.2
2713.62 5052304 5052695.4 95680.7
2715.53 5055707 5055476.8 101798
2717.78 5059496 5059091.2 101726
2719.6 5060832 5061049.5 98685.6
2721.32 5062638 5062787 96263.7
2723.28 5065493 5064944 97749.4
2725.12 5066348 5066664.7 99306.9
2727.07 5068477 5068725.5 98098.5
2728.98 5071216 5070945.9 98827.7
2730.73 5072792 5072728.8 101831
2732.75 5074921 5074921.3 105090
2735.08 5077723 5077710.1 100053
2736.73 5078921 5079236.7 94627.1
2738.4 5080897.3 5080849.5 89649.4
2740.2 5082803.3 5082769.2 90323.9
2741.87 5084460.3 5084516.2 91866.2
2743.65 5086602.3 5086381.9 91987
2745.5 5088250.3 5088205.2 95961.6
2747.18 5089380.3 5090145.1 99013.9
2749.32 5094552.3 5093498.2 102027
2751.23 5095504.4 5095567 103473
2753.2 5097063.9 5097254 101622
2755.23 5099222.9 5099198.1 100578
2757.02 5100970.9 5100688.6 98597.9
2758.98 5101926.9 5102101.2 96934
2760.77 5103228.9 5103513.9 95216.4
2762.65 5105523 5105149.2 93331.5
2764.33 5106175 5106456.6 93394
2766.12 5107967 5107968.8 92971.5
2767.98 5109858 5109620 92827.6
2769.75 5110880 5110941.8 90503.7
2771.47 5112019 5112173.2 89169.3
2773.07 5113052 5113598.4 90071.3
2774.8 5116241 5115462.3 91200.6
2776.7 5117222 5117189.7 93984.6
2778.42 5118323 5118407 93102.7
2780.32 5119715 5119851.9 91578.9
2781.93 5120948 5121224.9 92434.7
2783.68 5123294 5122965 92180.3
2785.58 5124708 5125070.1 91721.8
2787.37 5126791 5127256.8 91808.5
2788.92 5129847 5129292.3 91161.2
2790.78 5131199 5132124.8 93134
2792.55 5136165 5135035.5 102148
2794.45 5138271 5137386.3 116245
2797.35 5139213 5139346.7 113138
2799 5139698 5140004.1 100386
2800.85 5141059 5140999.4 92890.7
2802.6 5141969 5142086.5 94407.6
2804.37 5143367 5143291.4 92680.3
2806.35 5144570 5144661.8 93171.3
2807.85 5145752 5145527.6 94572
2809.72 5146483 5146544.9 102702
2811.67 5148135 5147432.2 156134
2841.72 5172380.8 5172924.2 153605
2843.62 5173607.8 5173588.8 103473
2845.45 5174245.8 5174436.2 93754.4
2847.12 5175320.8 5175301.5 94047
2848.88 5176450.8 5176250.8 97451.5
2850.88 5177324.8 5177269.9 102005
2853 5178141.8 5178340.8 99660.2
2854.83 5179256.8 5179339.2 94523.4
2856.52 5180197.8 5180392.3 88847.9
2858.27 5181688.8 5181574.1 85742.4
2859.8 5182516.8 5182530.8 84379.3
2861.4 5183381.8 5183582.2 83268.9
2863 5184561.8 5184881.3 86061.2
2864.58 5186884.8 5186321.2 89816.1
2866.42 5188022 5187872.1 94048.3
2868.37 5189117 5189346.3 97736.1
2870.18 5190871 5190755.8 96766
2872.12 5192297 5192169.4 95472.1
2873.82 5193243 5193103.8 92893.6
2875.72 5193884 5193933.4 90174.9
2877.3 5194487 5194557.9 91380.2
2878.97 5195348.7 5195289.6 92181
2880.9 5196289.7 5196245.5 95350.3
2882.78 5197082.7 5197169.8 95856.4
2884.58 5198020.7 5198105 92741.1
2886.38 5199140.1 5199067.1 90944.7
2888 5199840.4 5199871 89593.4
2889.78 5200787.4 5200720.7 90543.2
2891.42 5201523.4 5201454.5 92342.6
2893.33 5202189.4 5202361 94878.4
2895.08 5203375.4 5203315 97383.9
2897.05 5204503.4 5204502.2 98085.7
2898.92 5205546.4 5205661.6 98770
2900.8 5206934.4 5206934.5 96493.2
2902.72 5208358.4 5208162.7 96637.5
2904.38 5208871.4 5209099.3 96778.8
2906.38 5210573.4 5210429.3 97427.9
2908.22 5211374.4 5211892.9 96602.7
2910.15 5213769.4 5213866.9 95432.8
2911.78 5215897.4 5215519.3 96298.3
2913.7 5217384.4 5217293.8 97593.2
2915.67 5218842.1 5219083.8 98644.2
2917.57 5221024.1 5220861.4 94092.1
2919.37 5222015.1 5222472 91678.9
2920.92 5224205.1 5223843.2 91662.5
2922.72 5225628.1 5225377.6 93672.6
2924.62 5226696.5 5226895.7 94836.3
2926.58 5228497.5 5228456.2 93625.8
2928.13 5229486.5 5229628.1 92553.1
2929.93 5230986.5 5231290.4 91994.4
2931.75 5233786.5 5233233.9 93488.9
2933.6 5234454.5 5235080 92325.7
2935.32 5237300.5 5236714.3 93502.1
2936.98 5237961.5 5238231.6 95473
2938.98 5240197.5 5240705.6 96166.7
2940.98 5244127.5 5243535.6 92702.2
2942.58 5244952 5245117.8 90604.4
2944.15 5246547 5246401.6 89423.4
2945.98 5248097 5247921.2 92399.7
2947.8 5249372 5249258.8 93534.3
2949.7 5250432.5 5250373.6 94762.5
2951.28 5251073.5 5251226 95725.7
2953.28 5252518.7 5252693.9 96166
2955.17 5254428.7 5254300 96450.9
2956.97 5255643.7 5255714 94109.7
2958.75 5256943.7 5257039.5 100616
2960.43 5258968.7 5258176.1 114312
2963.47 5259590.7 5260056.3 115784
2965.05 5260593 5261055.8 101169
2967.05 5263096 5262923.5 91359.9
2968.63 5264106 5264400.6 92479.3
2970.33 5266456.3 5265967.6 91909.9
2972.25 5267585.3 5267662.7 92016.9
2974.08 5268929.3 5269156.6 91613.4
2975.63 5270377.3 5270599.5 88838.7
2977.45 5272358.4 5272911.7 87937.7
2979.02 5275222.4 5275396.6 89614.6
2980.77 5279274.4 5278284.1 90209.6
2982.55 5280554.4 5280686.4 89730
2984.38 5282785.4 5282612.9 86516
2985.92 5283982.6 5283851 83813.6
2987.45 5284654.6 5284917 82140.4
2988.98 5286274.6 5285978.9 83603.9
2990.6 5287249.6 5286986.1 86118.8
2992.35 5287771.6 5287884.4 90785.4
2994.05 5288772.6 5288834.7 93017.4
2996.02 5289918.6 5290434.7 90812.5
2997.75 5292169.6 5292105.1 88844
2999.28 5293555.6 5293502.7 88347.5
3000.9 5295201.6 5294945.8 88268.9
3002.82 5296415.6 5296758.7 90295.7
3004.48 5298558.6 5298259.6 93396.1
3006.15 5299772.6 5299710.6 95262.9
3008.17 5301175.6 5302200.8 98117.4
3010.15 5306052.6 5305529 95652.9
3011.92 5308312.6 5307710.3 94731.3
3013.5 5308807.6 5308920.4 94834.2
3015.52 5310517.6 5310400.3 95475.4
3017.43 5311526.6 5311817 92736.7
3019.15 5313215.7 5313002.1 89055.4
3020.7 5313765.7 5314007.7 88432.1
3022.35 5315319.7 5315212.5 87517.2
3024.25 5316850.7 5316717.1 87870.2
3025.82 5317212.7 5317972.4 90156.6
3027.38 5320003 5319558.7 89658.6
3029.37 5321893 5321915 92174.4
3031.05 5323966 5323516.6 91664.4
3032.87 5324428 5324966.3 88229.6
3034.48 5326584 5326304.6 88792
3036.07 5327173 5327954.8 87564
3037.93 5331075 5330332.9 88775.9
3039.52 5331927 5332040.8 88718.5
3041.3 5333866 5333527.2 89314
3042.87 5334644 5334543.9 91966.4
3044.75 5335643 5335604.8 95197.3
3046.62 5336648 5336676.1 96528.2
3048.62 5337677 5337939.4 94159.9
3050.23 5339108 5338946.7 92677.1
3051.97 5340105.8 5339997.1 89310.3
3053.82 5340681.8 5341202.7 90276.4
3055.37 5342609.8 5342394.3 90622
3057.17 5343868.8 5343961.1 91645.9
3058.93 5345784.8 5345479 94806.9
3060.83 5346937 5346948.3 95310.8
3062.68 5348072 5348399.5 92543.5
3064.48 5349938 5350038.3 89997.1
3066.03 5351283 5351629.4 88209.6
3067.77 5354087 5353521.5 89405.5
3069.4 5355252 5354972.2 91684
3071.35 5356305 5356339.9 91737.9
3073.08 5356964 5357670.1 90599.9
3074.77 5359644 5359255.1 90272
3076.38 5360883 5360740.3 92205
3078.27 5362282 5362586.4 96484
3080.18 5364979 5364850.4 99658.4
3082.18 5367025 5367570.9 97329.9
3084.02 5370709 5369898.4 95043
3085.7 5371402 5371356.3 92318.5
3087.55 5372462 5372616.5 89292.9
3089.27 5373770 5373745.5 90077.4
3090.8 5374783 5374698.4 91601.8
3092.63 5375993 5375921.5 95628.6
3094.63 5377181 5377612.4 101240
3096.6 5379940 5379620.2 100284
3098.57 5381453 5381281.1 99245.6
3100.27 5382131 5382483 98105.2
3102.32 5384513 5384162.6 98081.2
3104.08 5385300 5385445.8 96274.2
3106.07 5386469 5387106.2 95534.4
3107.62 5389083 5388629.2 96952.9
3109.62 5390961 5390568.6 96719.9
3111.6 5391895 5391921.3 97384.9
3113.33 5392683 5392907 95696
3115.15 5394153 5394209 93391.6
3117.02 5395697 5395757.1 91396.4
3118.72 5397182 5397036.1 88351
3120.38 5398149.5 5398031.4 88781.5
3121.9 5398807.5 5398846.1 89720.1
3123.85 5399929.5 5400140.4 93062.6
3125.57 5401465.5 5401594.7 93560.8
3127.52 5403518 5403462.5 90221.7
3129.1 5404700 5404804.3 90807.1
3130.7 5406336 5406118 89960.8
3132.62 5407813 5407759.1 91833.9
3134.37 5408933 5409220 91560.4
3136.13 5410922 5410708.1 89521.4
3137.77 5412031 5411925.7 89194.9
3139.47 5413057 5413005.7 88844.5
3141.23 5414103 5413997.5 89459.6
3142.93 5414842 5414813.6 92184.5
3144.6 5415485 5415656.8 95063.1
3146.6 5417144 5416962.1 96492.1
3148.58 5417878 5418325.9 97630.6
3150.18 5419702 5419525.2 96730.8
3152.18 5421332 5421171.6 95777.6
3154.03 5422491 5422434.4 95912.1
3155.82 5423312 5423559.6 92477.3
3157.63 5424821 5424836.5 92978.7
3159.22 5426054 5426046.3 94821.8
3161.18 5427796 5427847.2 95097.5
3163.17 5429819.4 5429757.7 93508.6
3164.8 5430787.4 5431112.8 91956.5
3166.43 5432991.3 5432398.7 89389.2
3168.32 5433558.3 5433658.2 88295.5
3169.97 5434531.3 5434548.3 86135.1
3171.58 5435202.3 5435418.9 83568.7
3173.1 5436536.3 5436250.6 84792.1
3174.65 5436966.3 5437091.3 87103.8
3176.47 5438358.3 5438125.9 90720.8
3178.3 5439042.3 5439074.5 93480.5
3180.05 5439716.3 5440019.8 94324.1
3181.85 5441430.3 5441210.2 95469.1
3183.73 5442508.3 5442416.2 97269.9
3185.62 5443430.3 5443558.4 98356
3187.5 5444370.3 5445266.9 95140.5
3189.45 5448325.3 5447598 91804.4
3190.97 5448844.3 5448957.9 90035.9
3192.68 5450326.3 5450209 86317.8
3194.47 5451490.3 5451433 85834.6
3196 5452120.3 5452376.5 85762
3197.57 5453618.5 5453350.5 87124.9
3199.23 5454527.5 5454354.2 90291.1
3201.18 5455230.5 5455562.3 94330.1
3202.93 5457034.5 5456716.6 95357.7
3204.8 5457553.5 5458050.7 95380.2
3206.57 5459700.5 5459664.8 93989.2
3208.53 5461734.5 5461559.6 93886.8
3210.07 5462813.5 5462752.1 93893.2
3212 5464177 5464205 94273.1
3213.78 5465591 5465574.1 94874.4
3215.73 5467239 5466904.1 92510.5
3217.35 5467340 5467799 91482.2
3219.07 5469059.7 5468906.6 88387.2
3220.88 5470081.7 5470169.4 89600.8
3222.42 5471297.7 5471128.1 91172.7
3224.22 5472338.7 5472192.6 92049.8
3226.12 5472879.7 5473494.7 93466
3227.9 5475369.7 5475039 94366.2
3229.57 5475898.7 5476906.8 95036.1
3231.52 5480837.7 5479775.2 96567.2
3233.42 5481936.7 5481920.8 98320.3
3235.23 5483412.7 5483318 97392.2
3237.18 5484668.7 5484751.4 96104
3238.97 5485878.7 5486174.8 92855.8
3240.8 5488006.9 5487759.5 90882.5
3242.35 5488506.9 5489189.2 90534
3244.15 5491866.9 5491085.5 90582.3
3245.93 5492639.9 5492606.2 94280.8
3247.68 5493762.9 5493757.6 94545.1
3249.68 5495138.9 5495043.9 91893.5
3251.37 5495781.9 5496046.3 91224.3
3252.92 5496711.9 5497285.3 89469.2
3254.77 5499857.9 5499309.7 91594.9
3256.48 5501256.9 5500859 95056.4
3258.38 5501856.9 5502130.1 95701.9
3260.28 5503504.9 5503457.3 95902
3262.05 5504630.9 5504711.3 94458.9
3263.87 5506246.9 5505847.6 94731.7
3265.62 5506553.9 5506684 95608.8
3267.57 5507520 5507696.6 96084.3
3269.37 5508778.1 5508877.4 94766.1
3271.23 5510279.1 5510169.3 95330.5
3272.87 5511319.5 5511177.9 96155.8
3274.93 5512426.5 5512426.1 93867.3
3276.75 5512785.5 5513768.7 94168.5
3278.28 5515792.5 5515303 91268.3
3280.25 5517782.5 5517308.8 90181.8
3281.85 5518195.5 5518400.3 92090.2
3283.57 5519575.5 5519431.6 92506.9
3285.43 5520588.5 5520659.6 94247.3
3287.35 5521964.5 5521961.1 95580.5
3289.02 5523011.5 5523080 93680.2
3290.97 5524495.5 5524456.1 92762.4
3292.57 5525555.5 5525512.8 92822.9
3294.43 5526404.5 5526990.3 91402
3296.18 5529176.5 5528652.8 92045
3297.92 5529936.5 5530146.4 90615.2
3299.68 5531876.5 5531391.7 87945.1
3301.4 5532096.5 5532290.8 86620.2
3302.92 5532782.5 5533040.1 88274.4
3304.52 5534437.7 5533914.8 89858.7
3306.5 5534894.3 5534773.6 91960.3
3308.3 5535074.3 5535261.2 93097.4
3309.9 5535762.3 5535720.6 93590.6
3311.73 5536337.3 5536419.3 96633.9
3313.72 5537350.3 5537463.3 99856
3315.72 5538764.3 5538603.2 99624.8
3317.48 5539334.3 5539470 98311.2
3319.42 5540622.3 5540410.3 96367.8
3321.3 5541053.3 5541205.6 96363.6
3323.03 5541960.3 5541928.3 95919.6
3324.92 5542790.3 5542824.8 93426.2
3326.83 5543762.3 5543703.2 92085.8
3328.38 5544192.5 5544341.4 92218.9
3330.1 5545243.5 5545158.8 89965.9
3332.1 5546235.5 5546144.3 88912.3
3333.63 5546636.5 5546724.6 88226.2
3335.18 5547182.5 5547360.6 85545.2
3336.95 5548487.5 5548218.3 88719.1
3338.55 5548864.5 5548926.4 91545.3
3340.47 5549799.5 5549760.9 92536.8
3342.23 5550546.5 5550459.5 91484.4
3344.03 5550919.5 5551083.2 90717.3
3345.57 5551805.5 5551585.4 88911.7
3347.47 5552071.5 5552156.1 86030.8
3349.03 5552501.5 5552591.2 85539.8
3350.58 5553170.5 5553013.1 84417
3352.17 5553399.5 5553412.4 85600
3353.9 5553761.5 5553879.3 89564.3
3355.58 5554479.7 5554432.2 94141.8
3357.48 5555257 5555066.7 98440.7
3359.47 5555498 5555604.1 100954
3361.43 5556135 5556157.5 97405.7
3363.32 5556736 5556725.7 91645.8
3364.97 5556910 5557285.6 89586.2
3366.53 5558220 5557922.2 90153.4
3368.3 5558753 5558602.8 93042.8
3370.27 5559100 5559208.9 97038.2
3372.08 5559851 5559706.8 97814.9
3373.97 5560051 5560226.5 95083.2
3375.87 5560836.2 5560860.3 91811.4
3377.52 5561397.2 5561439.3 90785.7
3379.13 5562011.2 5562047.6 91707.3
3380.95 5562980.2 5562830 94845.7
3382.95 5563626.2 5563661.2 97718.7
3384.75 5564332.2 5564348 97237.9
3386.62 5564994.2 5565169.1 94494.1
3388.47 5566238.2 5566037.2 92885.2
3390.15 5566672.2 5566660.9 89799.3
3391.93 5567211.2 5567174.6 88091.5
3393.5 5567571.2 5567540.6 89946.2
3395.17 5567956.2 5567886.9 92279.7
3397.1 5568184.2 5568363.3 97054.6
3399.03 5569059.2 5568979.8 104671
3400.88 5569695.3 5569539.2 114465
3403.58 5570277.2 5570316.7 115367
3405.52 5570646.9 5570763.1 101558
3407.45 5571295.9 5571236 93577.1
3409.02 5571551.9 5571568.7 92964
3410.75 5571960.9 5571930.3 91198.2
3412.75 5572375.9 5572347.3 91842.5
3414.33 5572597.9 5572605.8 90260.3
3416.07 5572865.9 5572894.8 88051.8
3417.72 5573077.9 5573261 90981.5
3419.42 5573983.9 5573720.5 94536.3
3421.37 5574079.9 5574245.4 99492.3
3423.37 5574916.9 5574856.6 101161
3425.32 5575483.9 5575374.9 99987.9
3427.15 5575688.9 5575700.7 96159
3429.12 5575954.9 5576017.9 95319
3430.67 5576284.9 5576299.4 96090.6
3432.63 5576794.9 5576737 96948.2
3434.58 5577073.9 5577252.8 97956
3436.47 5577884.9 5577858.6 96852.8
3438.18 5578490.8 5578360.7 97082.9
3440.1 5578849.8 5578792.9 98093.7
3442.07 5579054.8 5579198.2 96856.3
3443.95 5579668.3 5579647 94322
3445.58 5580099.3 5579995.7 91933.3
3447.4 5580194 5580374.7 89710.6
3449.13 5580880 5580785.8 88670.5
3450.8 5581223 5581108.3 88090.9
3452.4 5581245 5581326.4 90318.5
3454.12 5581620 5581571.7 93730.8
3456.12 5581915 5581864 98973.7
3457.98 5582058 5582070.3 99997.4
3460 5582266 5582294.3 98993.6
3461.77 5582501 5582525.7 98174.7
3463.7 5582796 5582862.1 94265.6
3465.58 5583302 5583197.4 92109.9
3467.15 5583375 5583394.4 91231.5
3468.87 5583580 5583589.5 91095.2
3470.73 5583838 5583841.3 94299.1
3472.52 5584056 5584139.3 93695.1
3474.43 5584596 5584489.2 89308.2
3476.07 5584673 5584704.3 87252.7
3477.58 5584879 5584855.7 86931.9
3479.22 5585023 5585024.5 88963.3
3481.08 5585250 5585231.8 92111.8
3482.92 5585429 5585421.2 90423.9
3484.67 5585539 5585609.7 87982.2
3486.18 5585690 5585852 87572.9
3487.83 5586397 5586208.4 89103.4
3489.62 5586533 5586592.7 92737.2
3491.53 5587067 5586949.1 95868
3493.28 5587123 5587215.9 97527.7
3495.2 5587613 5587514.9 98502.7
3497.15 5587738 5587802.9 97703.3
3499.05 5588037 5588146 93617.6
3500.77 5588542 5588537.4 90961.3
3502.42 5588906 5588921.7 95896.7
3504.07 5589510 5589266.9 105877
3506.75 5589639 5589689.6 115043
3508.75 5589901 5589910 105686
3510.68 5590104 5590154 99012.5
3512.53 5590445 5590422.4 94713.7
3514.37 5590666 5590678.6 90498.8
3516.03 5590890 5590878.6 88646.2
3517.62 5591069 5591048.8 86108.7
3519.38 5591221 5591223.8 85781
3520.93 5591336 5591384.7 87544.2
3522.57 5591596 5591595.4 90073.5
3524.35 5591921 5591849.5 95156.4
3526.33 5592105 5592083.6 97626.3
3528.28 5592225 5592258.6 97757
3529.97 5592445 5592387.1 95705.8
3531.93 5592497 5592498.7 92060.2
3533.68 5592556 5592576.1 92221.5
3535.25 5592656 5592662.9 92890.5
3537.1 5592745 5592859 96013.2
3539.1 5593307 5593202.6 98886
3541.02 5593329 5593587.9 99276.4
3542.78 5594219 5594040.9 98885.2
3544.8 5594591 5594484 98981.9
3546.67 5594670 5594714.1 97098.7
3548.57 5594867 5594964.7 96137
3550.22 5595267 5595288.5 95574.6
3552.22 5595794 5595811.7 92889.5
3554 5596344 5596198.5 90358.2
3555.63 5596384 5596405.2 89487
3557.2 5596576 5596544.4 90975.4
3559.08 5596721 5596690.9 98438.9
3560.98 5596829 5596791.3 107764
3563.38 5596849 5596852.3 107152
3565.32 5596874 5596883.9 100105
3567.07 5596918 5596924.5 93337.7
3568.93 5596947 5596999.1 92517.4
3570.48 5597123 5597084.4 92365.2
3572.43 5597200 5597191.7 89696.4
3574.17 5597236 5597276.5 88406.5
3575.73 5597386 5597353.3 85487.6
3577.37 5597431 5597429.5 86988.5
3578.9 5597451 5597526.1 88509.7
3580.88 5597775 5597718.6 91508.3
3582.48 5597841 5597859.8 92845.2
3584.35 5598020 5598014.5 91285.6
3586.08 5598170 5598142.7 91012
3587.83 5598242 5598241 88384.8
3589.52 5598313 5598317.1 87910.5
3591.1 5598404 5598373.3 88604
3592.82 5598420 5598410.9 91177.4
3594.62 5598425 5598442.4 92034.2
3596.58 5598452 5598522.9 89758.6
3598.13 5598648 5598620.4 90048.8
3599.67 5598727 5598727.2 88021.3
3601.62 5598897 5598856.5 87906.4
3603.27 5598907 5598930.7 90771.5
3604.78 5599007 5598993.5 91748
3606.72 5599052 5599133.8 96248.7
3608.68 5599410 5599354.8 99230.2
3610.62 5599560 5599522.1 98108.4
3612.38 5599611 5599593 97207.7
3614.28 5599611 5599647.4 95325.1
3616.18 5599732 5599729.3 93217.8
3617.87 5599793 5599822.4 90200.9
3619.58 5599914 5599944.1 90372.9
3621.18 5600133 5600071.5 91638.2
3623.13 5600184 5600220.6 92728.3
3624.9 5600370 5600348.7 94328.3
3626.62 5600478 5600451.4 95279.9
3628.48 5600539 5600531.4 98333.2
3630.47 5600594 5600604.4 101317
3632.43 5600695 5600670 101149
3634.37 5600706 5600711.5 100249
3636.23 5600744 5600744.2 96876.6
3638.22 5600773 5600790 91238.5
3639.83 5600825 5600837.4 88430.5
3641.38 5600904 5600887.3 85978.7
3643.07 5600944 5600936.5 87061.6
3644.75 5600964 5600984.7 88639
3646.52 5601054 5601046.4 89153.5
3648.2 5601115 5601105.2 91019.7
3649.88 5601120 5601181.3 93043.5
3651.77 5601372 5601301 96906.1
3653.67 5601372 5601422.8 100343
3655.63 5601438 5601745.9 101314
3657.6 5602617 5602297.1 100208
3659.52 5602617 5602596.4 95590.3
3661.37 5602678 5602697.2 91396.3
3662.97 5602741 5602785.1 90065.5
3664.63 5602952 5602897.8 89387.5
3666.45 5603002 5603010.4 88689.9
3668.23 5603102 5603106.9 87918.2
3669.75 5603147 5603202.1 87202.4
3671.4 5603397 5603325.5 87754.6
3673.12 5603407 5603522.2 89117
3674.98 5603436 5604111.2 90266.4
3676.57 5605452 5604878.9 92073.2
3678.3 5605713 5605500.3 93938.3
3680.25 5605774 5605797.6 98378.7
3682.18 5605985 5605994.5 98042.9
3684.12 5606075 5606297.2 97707.4
3685.77 5606875 5606611.8 98209.7
3687.8 5606875 5606873.1 100367
3689.73 5606986 5607023.4 102489
3691.75 5607226 5607210.9 98736.1
3693.67 5607375 5607375 95923.7
3695.3 5607475 5607508.2 92967.5
3697.18 5607696 5607701 91038.5
3698.87 5607882 5607887.8 92692.3
3700.58 5608090 5608081.5 94001.1
3702.47 5608343 5608289.5 95379.9
3704.42 5608426 5608462.9 94416.3
3706.13 5608612 5608601 93126.9
3707.83 5608737 5608742.4 91733.4
3709.67 5608917 5608897.9 90397.9
3711.45 5609017 5609026.3 88860.2
3713.05 5609157 5609106.9 89593.3
3714.63 5609157 5609152.5 88459.5
3716.62 5609177 5609202.2 87701.2
3718.17 5609199 5609280.4 87830.2
3719.72 5609439 5609405.6 85503.6
3721.45 5609592 5609559.5 85439.2
3723.13 5609642 5609708 85730.3
3724.72 5609825 5609894.6 84263.6
3726.35 5610231 5610103.8 84939.4
3727.87 5610246 5610246.8 86293.2
3729.63 5610372 5610365.8 86836.3
3731.38 5610492 5610456.5 89827.5
3732.95 5610497 5610516.1 90184.2
3734.82 5610581 5610604.9 88836.8
3736.57 5610706 5610724 90468
3738.1 5610806 5610873.2 88242.2
3740 5611185 5611106.6 87903.6
3741.52 5611250 5611249 91823.9
3743.2 5611379 5611382.1 93312.1
3745.3 5611610 5611551.3 95828.6
3747.1 5611615 5611635.6 95638.8
3748.77 5611690 5611718.9 91531.7
3750.7 5611776 5611917.4 88034.5
3752.27 5612241 5612115.4 87316.9
3753.82 5612291 5612255.2 88032.9
3755.47 5612349 5612348 91632.4
3757.47 5612421 5612496.8 97602.6
3759.32 5612663 5612784.6 99156.9
3761.3 5613344 5613209.3 96540.3
3763.1 5613499 5613470.5 95998.8
3764.82 5613630 5613619.5 93283.4
3766.8 5613730 5613796.9 93745.4
3768.35 5613951 5613998 93830.9
3770.28 5614316 5614390.9 94476.7
3772.02 5614900 5614813 96382.6
3774.02 5615296 5615236.2 97000.3
3775.73 5615459 5615512 97429.7
3777.7 5615903 5615816.1 96845.8
3779.52 5616037 5616020.7 98259.9
3781.38 5616110 5616230 99239.1
3783.33 5616633 5616558.6 100288
3785.32 5616833 5617017.9 98525.3
3787.17 5617164 5617924 95969.3
3788.93 5619930 5619139.5 94630
3790.73 5620075 5619963 93871.9
3792.6 5620353 5620327.5 91501
3794.37 5620519 5620556.6 89520.2
3795.93 5620690 5620795.4 87482.4
3797.65 5621197 5621128.3 88866.2
3799.25 5621481 5621429.3 89965.9
3801.23 5621746 5621762.2 91764.8
3802.78 5621940 5622029.6 93429.6
3804.63 5622519 5622419.8 91543.6
3806.52 5622756 5622806.1 93488.6
3808.13 5623057 5623161.9 94697
3809.98 5623725 5623772.2 95040.9
3811.98 5624657 5624561.1 97227.6
3813.7 5625106 5625119.8 95932
3815.62 5625779 5625619.7 94172.1
3817.35 5625923 5625899.4 93211.6
3819.18 5626015 5626154.3 93096.9
3820.85 5626452 5626522.9 93254.3
3822.78 5627181 5627085.3 95010.5
3824.47 5627471 5627558.4 100493
3826.42 5628324 5628165.7 105914
3828.87 5628850 5628946 104887
3830.53 5629411 5629315.4 96953.9
3832.45 5629654 5629644.7 92956.2
3833.98 5629847 5629867.1 94857.5
3835.93 5630182 5630241.8 94952.4
3837.9 5630692 5630741.6 97318.8
3839.58 5631222 5631176.2 97891.7
3841.5 5631702 5631692.5 98503.5
3843.52 5632278 5632251.1 97613.8
3845.38 5632417 5632888.9 96667.9
3847.02 5633957 5633668.9 96719.2
3849 5634758 5634666.3 97028.9
3850.98 5635402 5635497.3 94322.5
3852.72 5636202 5636113.1 89940.1
3854.32 5636469 5636628.9 88586.1
3855.93 5637398 5637138.6 90062.2
3857.75 5637576 5637696.1 91812.6
3859.68 5638302 5638346.5 91287.1
3861.33 5638862 5638930.3 91245
3862.92 5639544 5639570.9 90248.3
3864.82 5640504 5640491.1 90720.7
3866.57 5641423 5641246.7 91037.1
3868.25 5641657 5641836.5 91339.6
3869.93 5642639 5642417.2 91117.4
3871.88 5642992 5643008.3 93327.9
3873.48 5643383 5643416.4 93377.6
3875.42 5643983 5643946.3 93386.9
3877.08 5644376 5644379.3 94761.7
3879 5644866 5644911.6 95873.1
3880.77 5645462 5645460.7 97036.2
3882.77 5646152 5646106.8 96850.3
3884.5 5646605 5646580.1 94479.2
3886.43 5647014 5647089.8 88799.3
3888.05 5647442 5647665.4 85486.4
3889.58 5647653 5648640.5 82595.4
3891.12 5650820 5649992.6 82997.4
3892.68 5651481 5651157.8 83790.1
3894.43 5652091 5651914.6 86499.5
3895.98 5652162 5652358.4 87100.5
3897.8 5653029 5652905 89077.1
3899.33 5653320 5653353 92183.6
3901.23 5653992.1 5653940.6 93963.4
3903.13 5654461 5654594.6 97511.4
3904.92 5655273 5655352.6 98311
3906.87 5656414 5656397.9 95849.2
3908.82 5657466 5657391.6 90428.4
3910.42 5657875 5658044.9 85832.2
3911.95 5658714 5658628.9 82811.3
3913.5 5659342 5659148.4 84210.1
3915.07 5659567 5659559.6 87256.9
3916.88 5659951 5660043 91507.8
3918.68 5660560 5660719.4 92104.4
3920.57 5661671 5661571.5 88639.2
3922.15 5662149 5662193.5 87474.2
3923.68 5662615 5662823.6 88087.8
3925.38 5663990 5663680.8 91338.4
3927.35 5664581 5664679.9 96913.8
3929.15 5665676 5665446.6 98431.1
3931.13 5666001 5666207.1 94445.1
3932.98 5666933 5666971.3 91861.3
3934.52 5667526 5667664.1 89378.6
3936.28 5668804 5668501.1 89523.7
3937.95 5668956 5669315.1 91717.4
3939.83 5670578 5670437.3 90780.6
3941.6 5671477 5671440.5 88520.7
3943.23 5672137 5672195.2 87925.8
3944.75 5672947 5672873.7 87448.9
3946.6 5673789 5673701.8 93001.2
3948.22 5674444 5674366.2 97728.9
3950.47 5675211 5675439.4 96793.7
3952.18 5676348 5676238.3 92908.6
3953.88 5676899 5676971.6 87688.9
3955.52 5677665 5677722.2 85845.8
3957.17 5678263 5678643.2 86525.8
3958.73 5680146 5679589.2 87731.8
3960.52 5680505 5680469.9 91429.4
3962.23 5681027 5681205.1 94487.2
3964.23 5682326 5682270.1 93084.5
3966 5683173 5683125.5 93006.5
3967.57 5683634 5683886.3 90757.5
3969.48 5685087 5685099.6 90841.3
3971.13 5686369 5686110.3 93711.9
3972.9 5686948 5687007.4 102290
3974.8 5688388 5687753.2 152138
