# Time series of US dollars raised by Jill Stein's recount fundraiser for the
# 2016 US presidential election.
#
# MINUTES = time datum scraped, in minutes elapsed after the first datum
# DOLLARS = US dollars raised, as scraped from her campaign's website
MINUTES	DOLLARS
0	179568.5
0.483333	179949.5
1.21667	182232.5
1.83333	183291.5
2.61667	186363.5
4.03333	188542
5.51667	193230
7.2	200279.09
9.91667	209896
10.9167	210294.03
12.1167	214964.03
12.8	216469.74
13.5167	216469.74
14.0333	220323.74
15.45	228320.74
17.15	233176.74
19.1833	239280.9
21.3	242340.9
23.5833	249243
25.2167	251607
27.0333	259436.77
29.0167	263544
31	268966
32.7667	275016.45
34.4333	277705.45
36.2	285500.39
40.55	294291.39
42.2	300861.39
43.9333	309503.4
45.7	315618.04
47.6667	322068.04
49.2167	327200.04
50.8333	333086.04
52.4833	338212.15
54.2167	342265.15
55.7667	345683.15
57.3167	351822.68
59.0167	356270.84
60.9	362104.84
62.7667	368333.84
64.3333	373228.11
66.1	381191.98
67.9	385146.48
69.7333	391009.14
71.6	395976.84
73.5833	401529.84
75.3667	405962.84
77.2333	414130.84
78.75	421552
80.65	426929
82.5833	433708
84.3667	441455
85.9333	452517.88
87.5333	459392.05
89.5333	463589.05
91.2667	470546.08
93.1667	478039.52
94.8333	487645.86
96.5333	494680.76
98.25	499817.76
100.1	508084.76
102.067	519124.92
103.717	525947.92
105.717	539037.97
107.467	545421.97
109.267	552006.11
111.25	565499.97
113.15	572904.02
114.683	579533.02
116.483	587611.02
118.433	593344.77
120.3	601843.66
122.133	610508.64
124.15	618409.64
125.767	625344.47
127.7	633062.47
129.55	642589.47
131.317	651290.47
133.333	661404.69
135.183	671542.29
137	679594.3
138.917	686324.31
140.75	693955.77
142.45	698928.77
144.183	708080.22
145.9	718479.55
147.617	725386.55
149.4	733355.55
151.067	739844.55
152.617	749015.6
154.433	755992.6
156	762438.6
157.8	769687
159.75	780759
161.45	787402
163.367	796323
165.083	804515.16
166.783	807765.16
168.433	820460.66
170.05	828014.66
171.833	838171
173.6	846821.35
175.533	856183.35
177.083	859561
178.817	872300
180.45	879298.18
182.05	887597.38
183.9	895917.06
185.883	905663.6
187.783	913608.6
189.717	921351.6
191.367	929387.6
192.95	935727.13
194.783	943020.13
196.517	950992
198.2	957183.53
200.183	967717.69
201.983	978382.69
203.617	981240.24
205.333	993094.24
207.317	1005960.24
209.317	1016709
210.917	1023535.25
212.55	1031100.25
214.183	1037035
216	1044112
217.55	1049312.01
219.4	1058122.68
220.95	1063333.68
222.817	1070694.38
224.533	1082135.54
226.417	1090001.54
228.35	1098197.54
230.083	1105494.54
232	1112219.85
233.9	1120012.35
235.667	1132938.81
237.467	1142644.81
238.55	1149618.57
240.333	1159345.76
242.083	1170958.53
243.9	1178933.02
245.567	1186266.02
247.417	1196866.24
249	1204366.24
250.7	1210873.24
252.217	1223314.24
254.2	1233309.24
256.133	1242311
257.717	1253099.18
259.633	1259451.18
261.317	1267932.86
263.283	1283098.67
265.083	1290847.86
266.85	1301019.02
268.383	1306018.18
270.067	1321496.6
272.083	1329860.9
273.883	1341332.06
275.667	1351196.79
277.25	1358866.82
279.133	1365818.06
280.7	1370108.06
282.417	1381532.86
284.067	1394673.41
285.7	1402723.75
287.567	1411477.95
289.567	1421913.95
291.117	1429283.73
293.117	1438895.78
294.717	1446362.78
296.517	1453753
298.033	1460822.22
299.967	1465706.22
301.7	1478226.42
303.5	1487263.42
305.517	1492445.42
307.517	1503093.42
309.317	1511196.69
311.267	1519465.69
312.933	1529824.39
314.917	1536700.39
316.75	1543961.39
318.5	1548937.39
320.467	1559682.62
322.4	1572681.62
324.317	1581005.62
326.35	1587716.62
327.867	1592119.88
329.717	1602130.88
331.283	1609272.88
332.85	1617769
334.683	1623900
336.3	1631012
337.867	1640422.45
339.867	1649781.17
341.55	1658243.17
343.233	1662623.16
344.967	1673245.16
346.967	1681719.76
348.833	1691338.76
350.45	1696840.92
352.45	1704647.44
354.45	1712981.48
355.967	1718008.48
358.033	1728632.48
359.583	1735313.3
361.567	1743349.3
363.533	1752324.3
365.15	1760233.8
366.8	1765651.88
368.333	1774263.72
369.983	1782513.39
371.933	1791317.94
373.583	1797555.44
375.2	1803281.44
376.95	1812697.5
378.917	1819366.5
380.5	1826299.66
382.383	1831970.66
384.233	1843650.56
386.1	1851339.31
387.933	1857378.81
389.617	1866169.81
391.433	1875491.53
393.283	1880379.85
395.25	1893203.69
396.817	1901466.39
398.617	1906074.39
400.183	1912938.9
401.8	1919329
403.483	1926898.32
405.25	1939020.53
406.783	1945906.53
408.733	1957823.53
410.3	1965953
412.017	1975896
413.833	1984135.47
415.517	1988554.03
417.483	1996705.03
419.433	2006968.19
420.983	2014803.54
422.583	2023480.54
424.333	2030154
425.933	2034995
427.767	2042930.47
429.667	2050185.17
431.633	2059282
433.183	2063799
435.167	2068931.14
436.767	2075339.14
438.7	2080350.14
440.35	2087678.57
441.883	2094492
443.583	2098269
445.25	2104743.16
446.783	2113269
448.417	2117340.69
450.067	2123668.69
451.583	2128751.49
453.333	2135001
455.133	2139419.69
456.817	2144063.69
458.317	2150532.74
460.183	2155676.74
462.083	2160937.9
463.65	2165660.11
465.483	2171166.2
467.35	2174236.62
468.967	2182584.62
470.75	2186298.62
472.65	2193722.66
474.467	2198143.1
476.117	2200573.19
478.033	2206469.86
479.833	2210809.86
481.5	2213615.36
483.1	2217680.19
484.833	2220671.32
486.417	2225268.52
488.083	2229182.52
490	2233805.2
491.867	2238147.2
493.633	2243434.2
495.35	2247358.2
496.9	2251681.43
498.767	2255763.76
500.533	2258378.76
502.233	2264591
504.067	2272933.16
505.833	2275871.16
507.45	2280156.16
509.3	2284607.33
511.15	2289732.33
513.133	2293897.1
514.717	2297184.1
516.367	2300000.1
518.35	2306008.11
520.783	2310295.66
522.467	2315578.66
524.183	2321005.87
526.083	2327318.96
527.6	2329969.29
529.383	2333246.29
531.183	2336403.53
532.867	2340301.53
534.667	2345952.53
536.483	2349417.53
538.4	2354859.79
540.317	2359836.79
542.15	2364341.79
544.083	2367800.79
545.683	2374830.79
547.667	2381228.8
549.417	2385038.8
551.233	2387112.8
553.233	2394160
554.833	2398493
556.433	2401946.69
558.433	2404751.69
560.483	2409916.81
562.117	2416061.55
563.767	2420201.05
565.3	2421695.05
567.25	2425977
569.233	2429992.02
571.15	2432401.02
572.85	2433993.49
574.85	2439857.47
576.4	2441598.47
578.067	2444667.47
579.7	2446409.51
581.4	2453242.98
583.017	2455096.98
584.567	2458167.98
586.283	2463624.98
588.033	2465427
589.783	2467823
591.3	2469368
593.117	2472079
594.983	2474760
596.733	2478513
598.667	2481781
600.3	2483861.05
601.967	2485249.18
603.8	2487237
605.683	2488719
607.367	2492829.99
609.333	2495039.18
611.133	2496462.01
613.033	2498465.01
614.6	2499639.65
616.283	2500973.65
617.967	2505002
619.9	2509172.19
621.783	2511117.19
623.517	2512498.86
625.05	2513551.86
626.817	2515586.66
628.517	2516260.66
630.033	2517006
632.033	2519162
633.617	2520481
635.35	2521628
637	2523021
638.583	2524729
640.45	2526628
642.217	2527810
643.8	2529585
645.333	2530498.01
647.1	2531503.01
648.65	2533173.01
650.333	2534304.2
652.2	2536273.2
653.85	2538226.25
655.833	2540836.25
657.867	2542363.25
659.833	2543249.25
661.633	2543774.25
663.35	2545153.25
665.133	2546298.25
666.767	2547263.25
668.333	2547648.25
670.15	2549413.25
671.883	2550426.25
673.717	2551622.75
675.333	2552346.75
676.9	2553189.75
678.75	2553829.75
680.383	2554437.75
681.983	2555526.75
683.783	2556205.88
685.533	2559546.88
687.267	2560731.88
688.917	2561525.88
690.45	2561800.88
692.167	2562444.88
694.067	2564184.88
695.75	2564347.88
697.717	2567683.88
699.483	2568522.88
701.067	2569489.88
703.033	2570149.88
705.033	2570819.88
706.683	2571326.88
708.667	2572290.88
710.617	2573510.88
712.6	2576868.88
715.05	2579849.88
716.817	2581024
718.35	2581692.5
720.117	2582176.5
721.983	2582599
723.783	2583258
725.917	2583596
727.517	2584011
729.2	2584966
730.95	2585783
732.65	2585973
734.367	2586584
736.133	2587515
738.067	2587938
739.917	2588704
741.917	2588932
743.567	2589985
745.15	2591087
746.933	2592111
748.8	2592885.5
750.45	2592998.5
752.117	2593300.5
753.917	2593794.5
755.717	2594623.5
757.767	2595310.5
759.45	2595751.5
761.433	2596665.5
763.65	2597045.5
765.333	2598675.5
767.05	2599605.5
769.033	2600322.5
770.667	2601106.5
772.65	2601534.5
774.45	2602568.5
776.267	2602723.5
777.783	2603430.5
779.467	2604389.5
781.233	2604987.5
783.117	2605615.5
784.867	2606124.5
786.65	2606299.5
788.167	2606888.66
790.083	2607434.66
792	2608516.66
793.883	2610519.66
795.433	2610772.66
797.1	2611492.66
799.033	2612168.66
800.933	2612455.65
802.867	2612890.65
804.867	2614375.65
806.65	2614897.65
808.517	2615997.65
810.233	2616661.65
812.217	2617640.65
813.883	2617974.65
815.65	2618737.65
817.183	2620084.65
819.167	2620424.65
820.767	2621215.65
822.683	2621892.65
824.383	2622841.81
825.983	2624539.81
827.633	2625162.81
829.35	2625577.81
831.117	2625902.81
832.717	2627688.81
834.3	2628723.81
835.933	2629667.81
837.467	2630347.81
839.5	2631549.81
841.767	2632006.81
843.683	2634416.81
845.267	2634879.81
847.117	2638191.81
849.083	2639537
850.717	2640549
853.05	2642710
854.717	2643446.16
856.5	2644089.16
858.45	2646523.16
859.983	2648839.16
861.65	2649572.16
863.667	2650839.16
865.4	2652231.16
867.083	2653355.16
868.767	2654221.16
870.267	2655122.16
872.25	2656332.16
874.233	2657959.16
876.067	2659877.16
877.933	2660967.16
879.767	2662509.16
881.483	2663563
883.233	2665429
885.233	2667392
886.833	2669413
888.783	2671506
890.483	2672911
892.15	2676267
893.933	2677061
895.55	2678861
897.45	2681369
899.417	2683209.16
901.45	2684934.26
903.283	2687731.26
905.333	2689284.26
907	2691098.26
908.683	2693708.26
910.267	2695021.26
912.25	2697702.23
913.95	2700213.23
915.683	2702237.23
917.233	2704139.23
918.967	2706870.23
920.483	2709474.23
922.1	2710845.23
923.967	2717250.23
925.733	2719893.23
927.333	2721642.23
928.867	2722662.23
930.433	2725611.23
931.967	2727658.23
933.6	2729966.23
935.117	2732457.23
936.65	2734727.23
938.667	2737551.23
940.183	2741251.23
941.783	2743651.23
943.633	2749562.23
945.167	2751125
946.783	2757326
948.533	2760296
950.367	2762395
952.333	2766314
953.9	2771093.02
955.767	2776523.02
957.4	2781647.02
958.983	2784475.02
960.567	2788543.02
962.217	2793350.02
964.183	2799064
965.85	2802813
967.45	2804651.3
969.25	2808807.18
970.933	2810622.18
972.733	2816897.18
974.583	2819909.18
976.267	2822465.18
978.25	2826040.82
979.95	2828706.82
981.817	2833695.14
983.75	2837891.14
985.367	2842654.64
987.167	2845891.64
988.9	2850455.66
990.717	2853856.42
992.467	2859817.42
994.25	2865622.42
995.867	2868507.42
997.533	2873112.42
999.333	2875670.42
1001.07	2883187.42
1002.87	2888724.42
1004.45	2893011.42
1006.25	2900216.42
1007.9	2901633.42
1009.42	2906332.66
1010.93	2910703.66
1012.58	2915815.66
1014.5	2918860.66
1016.47	2923676.1
1018.45	2927358.1
1020	2931690.1
1021.58	2937406.1
1023.18	2940911.1
1024.87	2945057.1
1026.55	2952059.1
1028.2	2958375.1
1029.77	2961639.1
1031.62	2970468.09
1033.38	2973725.09
1035.02	2981655.09
1036.98	2986693.09
1038.85	2991643.09
1040.58	2999273.09
1042.47	3003081.09
1044.35	3010289.09
1047.97	3022213.58
1049.72	3027677.58
1051.62	3033912.95
1053.52	3042442.45
1055.4	3047106.77
1056.97	3051724.77
1058.82	3054883.77
1060.85	3059343.77
1062.68	3065018.07
1064.67	3072067.07
1066.28	3080699.07
1068.02	3083781.07
1069.97	3089159.07
1071.63	3098522.09
1073.22	3102215.09
1075.12	3105457.09
1077.02	3110319.09
1078.97	3114961.09
1080.78	3126298.09
1082.75	3129714
1084.68	3134686
1086.55	3138256
1088.42	3150496.5
1090.28	3157283.98
1092.02	3161883.48
1093.85	3166003
1095.63	3172443.5
1097.62	3178239.02
1099.27	3185138.02
1101.18	3190770.02
1102.9	3198303.52
1104.9	3204513.52
1106.73	3210329.35
1108.67	3217426.83
1110.4	3222272.83
1112.35	3225453.83
1114.27	3231187.6
1116.18	3239491.6
1117.73	3243047
1119.28	3250194
1121	3253094
1122.82	3258500.11
1124.65	3266698.31
1126.25	3272337.31
1128.15	3279407.5
1129.92	3286453.66
1131.9	3294392.31
1133.83	3299928.07
1135.67	3304994.76
1137.3	3310164.76
1138.9	3314791.76
1140.55	3320717.76
1142.33	3324333.76
1143.95	3332379.76
1145.8	3337186.76
1147.68	3349014.76
1149.45	3352405.76
1150.98	3358070.76
1152.58	3361405.76
1154.57	3369004.87
1156.27	3373667.07
1157.88	3376823.07
1159.52	3382387.07
1161.15	3388196
1162.88	3393809
1164.57	3400767
1166.43	3403627
1168.3	3409898
1169.87	3414341
1171.53	3421481.5
1173.45	3425660.5
1174.98	3433636.39
1176.68	3437178.89
1178.65	3447728.89
1180.38	3455935.89
1182.03	3461494.89
1184	3468629.89
1185.82	3476390.89
1187.5	3480021.89
1189.27	3484188
1191	3489585
1192.7	3498495
1194.55	3503567
1196.5	3510904
1198.38	3515788
1199.92	3520608
1201.73	3528289
1203.63	3536453
1205.4	3538980
1207.3	3543766.88
1209.2	3547422.88
1210.97	3552094.88
1212.58	3556365.88
1214.2	3559452.88
1216.03	3565087.88
1217.82	3569973.88
1219.68	3574791.49
1221.23	3581209.49
1222.78	3586023.65
1224.38	3589334.65
1226.37	3593989.65
1228	3598496.65
1229.53	3600294.65
1231.43	3607824
1233	3608983
1234.77	3613816.69
1236.3	3621672.69
1237.83	3629087.69
1239.68	3632558.69
1241.37	3637679.85
1242.92	3640941.85
1244.9	3645633.96
1246.63	3653916.96
1248.28	3660228.96
1249.97	3664354.96
1251.6	3671548.96
1253.2	3678882.96
1254.92	3691729.96
1256.58	3694680.96
1258.22	3698872
1260.2	3708823
1262.03	3713692
1263.75	3716945.16
1265.52	3720724.16
1267.07	3724446.16
1268.97	3732681.16
1270.88	3735230.32
1272.82	3740733.32
1274.68	3744645.32
1276.57	3749583.32
1278.63	3756022.32
1280.65	3761666.32
1282.78	3765931.32
1284.72	3770808.32
1286.53	3772250
1288.53	3776620
1290.33	3783660
1292.1	3789226
1293.85	3791617
1295.42	3795587
1297.08	3798694
1298.73	3805573
1300.58	3809698
1302.23	3813976
1304.27	3816304
1306.2	3823479
1307.75	3828397
1312.63	3837366
1314.6	3841186
1316.17	3844186
1317.98	3850257.01
1319.65	3853454.01
1321.58	3857641.01
1323.4	3860299
1325.28	3866253.99
1327.28	3870975.99
1329.07	3875502.64
1330.75	3879356.64
1332.67	3885129.64
1334.27	3887256.64
1335.93	3892481.16
1337.9	3896163.32
1339.57	3901033.14
1341.45	3908351.14
1343.42	3910124.14
1345.32	3914191.23
1347.07	3916512.27
1348.82	3918873.27
1350.42	3921875.57
1352.37	3924028.57
1354.27	3928733
1355.82	3931051
1357.35	3933896
1359.15	3939390.11
1360.88	3941914.11
1362.97	3945471.11
1364.75	3951253.99
1366.5	3952891.99
1368.35	3955497.77
1370.32	3959072.77
1372.05	3962000.69
1373.97	3964588.69
1375.65	3968367
1377.4	3972424.5
1379.12	3973604.5
1381.12	3975593.5
1382.7	3979338
1384.65	3985134
1386.45	3987635.85
1388.38	3991785.84
1390.97	3998458.85
1392.95	4001514.85
1394.9	4005993.85
1396.52	4008649.85
1398.48	4012115.85
1400.4	4016136.85
1402.17	4021346.85
1403.82	4024222.69
1405.65	4027407.69
1407.23	4029697.64
1408.77	4032146.64
1410.72	4034914.64
1412.77	4038103.64
1414.82	4043812.03
1416.72	4045871.03
1418.67	4048423.03
1420.43	4051729.66
1422.27	4054286.66
1424.38	4057279.66
1426.65	4059981.77
1428.3	4062974.09
1430.12	4065474.09
1432.22	4067568.09
1434.08	4072576.09
1436.43	4075381.18
1438.35	4076541.18
1440.35	4079415.18
1442.27	4081434.18
1443.78	4085309.18
1445.45	4086759.18
1447.45	4088211.18
1449.33	4093630.18
1451.17	4096189.68
1453.15	4098694.5
1455.12	4106089.5
1456.8	4108103.5
1458.65	4110956.7
1460.5	4113240.7
1462.18	4114549.7
1463.9	4117933.7
1465.55	4119314.7
1467.33	4121077.7
1469.23	4124036.7
1471.02	4124691.7
1472.7	4131265
1474.55	4134899.11
1476.17	4136616.11
1477.77	4139514.11
1479.33	4141230.11
1481.33	4144214.25
1483	4149241.25
1484.73	4150884.25
1486.5	4153674.25
1488.47	4155662.75
1490.22	4157545
1492	4159965
1493.8	4162089
1495.78	4163646
1497.48	4164492
1499.2	4166748
1500.9	4169172
1502.62	4170459
1504.17	4171825
1505.72	4174781
1507.28	4177327
1508.93	4179584
1510.65	4182465
1512.63	4184801.08
1514.28	4186156.08
1516.18	4188572.08
1518.17	4191412.08
1520.03	4192771.08
1521.78	4195022.08
1523.38	4198053.08
1525.23	4199818.08
1526.9	4201155.04
1528.58	4202186.04
1530.62	4206335.58
1532.57	4208334.59
1534.35	4209282.59
1536.05	4210709.59
1537.65	4211910.59
1539.35	4213383.59
1540.93	4214969.59
1542.63	4219068.2
1544.37	4219997.2
1546.5	4222663.61
1548.38	4226038.61
1550.38	4229011.61
1552.63	4230765.61
1554.5	4232166
1556.5	4233843.5
1558.5	4236104.59
1560.13	4238111.28
1561.7	4240152.28
1563.7	4242930.28
1565.58	4244002.28
1567.28	4246637.39
1568.88	4247744.39
1570.62	4249152.39
1572.63	4251821.39
1574.35	4252136.39
1576.32	4255491.76
1578.1	4256689.76
1579.68	4257246.76
1581.67	4260846.99
1583.9	4261841.99
1585.75	4263668.99
1587.67	4267029.99
1589.63	4268729.99
1591.32	4269560.99
1593.25	4270638
1594.97	4277321
1596.52	4279870
1598.42	4280654
1600.28	4282986.5
1602.08	4284838.16
1603.8	4286045.16
1605.38	4288008.16
1607.32	4288815.16
1609.32	4290237.2
1611.13	4292883.2
1613.05	4295521.61
1614.63	4296006.86
1616.3	4299286.86
1618.05	4300814.86
1619.62	4301560.86
1621.27	4302645.86
1623.1	4303475.86
1624.87	4304934
1626.45	4305986
1628.32	4307242
1629.85	4308397
1631.47	4310093.35
1633.27	4311447.62
1635.08	4313510.62
1636.82	4313961.62
1638.72	4315010.62
1640.6	4316106.62
1642.37	4318332.62
1643.97	4319910
1645.8	4321317
1647.37	4322794
1649.03	4323185
1650.75	4324770
1652.33	4325626
1654.15	4328049
1655.9	4329903
1657.52	4331834
1659.1	4333438
1660.68	4334519
1662.82	4335636
1664.62	4338420.23
1666.55	4340324.23
1668.33	4341183.23
1670.07	4342653.23
1671.85	4343144.93
1673.8	4345703.93
1675.75	4348599.93
1677.4	4351280.93
1678.98	4353267.93
1680.52	4353998.93
1682.48	4356122
1684.37	4357873
1685.95	4358343
1687.67	4361640
1689.42	4363374
1691.12	4364071
1692.68	4365639
1694.38	4368231
1696.12	4368855
1697.72	4370073
1699.32	4372083
1701.23	4373960.86
1702.8	4374928.86
1704.33	4375762.86
1706.07	4377038
1707.6	4378543
1709.38	4379645
1711.08	4380883
1713.08	4383596.01
1714.87	4384885.01
1716.55	4387168.01
1718.33	4389057.01
1720.27	4389746.08
1721.83	4391400.08
1723.7	4392808
1725.5	4394219
1727.4	4395292
1729.27	4396712
1731.17	4398408
1732.92	4403627.81
1734.55	4404192.69
1736.32	4408607.69
1738.15	4410915.69
1740.13	4411936.69
1742.05	4412729.69
1743.62	4414445.69
1745.17	4417245.69
1747.08	4418127.69
1748.67	4419074.69
1750.53	4422033.85
1752.23	4423724.85
1754.1	4425046.85
1755.68	4425908.85
1757.48	4429185.28
1759.03	4431339.28
1760.93	4433190.28
1762.57	4435014.78
1764.23	4435993.78
1765.93	4437349.78
1767.47	4438404.78
1769.35	4442692.78
1771	4443954.78
1772.87	4445058.78
1774.55	4446391.78
1776.28	4447220.78
1778.27	4448824.28
1780.02	4449989.28
1781.55	4451956.28
1783.12	4453083.28
1785.08	4454601.28
1786.7	4456564.49
1788.68	4458574.49
1790.6	4459792.99
1792.58	4462679.99
1794.52	4464837.99
1796.35	4465991.99
1798.33	4467469.99
1800.12	4469643.99
1801.72	4471235.99
1803.27	4472745.01
1805.27	4473797.02
1806.98	4476618.01
1808.68	4477268.01
1810.43	4478461.18
1812.43	4481056.48
1814.23	4482350.49
1816.17	4484068.21
1818.08	4485663.21
1819.97	4487617.5
1821.48	4488343.5
1823.07	4489394.5
1824.97	4490254.5
1826.53	4492611
1828.52	4495702
1830.25	4497193.16
1831.83	4499523.16
1833.67	4500691.92
1835.72	4503522.98
1837.58	4504793.98
1839.37	4505518.98
1841.3	4507075.23
1842.92	4508637.23
1844.93	4510075.23
1846.65	4510630.23
1848.62	4511221.23
1850.15	4512852.23
1851.83	4513852.23
1853.65	4515240.49
1855.35	4516096.49
1857.03	4518204.49
1858.7	4519970.49
1860.7	4521114.49
1862.43	4522454.49
1864.22	4523400.49
1865.77	4525853.49
1867.52	4526682.49
1869.07	4527378.49
1870.58	4528276.49
1872.3	4529401.49
1874.27	4531561
1876.37	4533064
1878.28	4533765
1880.17	4535312
1881.77	4536127
1883.42	4537472
1884.93	4538699.77
1886.55	4540025.77
1888.08	4540622.77
1890.07	4542128.51
1891.77	4543167.27
1893.77	4544478.27
1895.3	4545436.52
1896.9	4546156.52
1898.82	4547333.52
1900.62	4547974.52
1902.42	4548857.52
1904.22	4550295.52
1905.95	4551248.81
1907.77	4552076.81
1909.4	4552860.81
1911.43	4554910.81
1913.5	4556573.97
1915.08	4557200.97
1916.92	4559210.97
1918.75	4560762.97
1920.72	4561692.97
1922.45	4562762.97
1924.18	4563874.97
1925.83	4564634.97
1927.45	4565263.97
1929.42	4566246.97
1931.03	4567323.97
1932.63	4568405.97
1934.27	4569086.97
1936.27	4569621.97
1938.02	4572466.97
1939.95	4578331.97
1941.73	4579331.97
1943.43	4579958.08
1945.27	4580720.08
1946.98	4581676.08
1948.73	4585605.11
1950.72	4589012.11
1952.6	4589408.11
1954.37	4589987.11
1955.95	4590550.66
1957.73	4591039.66
1959.68	4591863.66
1961.37	4593392.66
1963.02	4594129.66
1964.85	4594719.66
1966.83	4595722.66
1968.43	4595999.66
1970.35	4596859.66
1971.98	4597505.66
1973.97	4598953.66
1975.7	4599558.66
1977.58	4600490.66
1979.57	4601421.82
1981.43	4602344.82
1983.05	4602828.82
1985.05	4604013.82
1986.6	4605170.17
1988.13	4605698.17
1989.97	4606063.17
1991.83	4609397.17
1993.62	4610159.17
1995.5	4611942.17
1997.12	4612532.17
1998.72	4613097.17
2000.83	4613437.17
2002.48	4613923.17
2004.48	4614367.17
2006.12	4615868.17
2007.8	4616017.17
2009.43	4616336.17
2011.3	4617090.17
2013.08	4617457.17
2014.75	4618504.17
2016.47	4618739.17
2018.08	4618781.17
2019.93	4619326.17
2022.07	4620297.17
2023.63	4620819.17
2025.43	4623049.17
2027.05	4623553.17
2028.75	4623975.5
2030.35	4624122.5
2032.32	4625801.5
2034.02	4626328.5
2035.88	4626669.5
2037.7	4626933.5
2039.6	4627846.5
2041.27	4628533.5
2042.88	4631543.5
2044.57	4632145.5
2046.2	4632334.01
2048.15	4633520.01
2049.8	4633888.01
2051.78	4634304.01
2053.62	4634611.01
2055.23	4635279.01
2056.93	4635559.01
2058.5	4638003.01
2060.28	4638616.01
2062.07	4638808.01
2064.03	4639341.01
2065.98	4639738.01
2067.88	4640053.01
2069.6	4640862.01
2071.3	4641812.01
2073.28	4642235.01
2075.02	4642739.1
2076.98	4642922.26
2078.83	4643858.26
2080.45	4644640.26
2082.12	4644783.26
2083.83	4645188.26
2085.37	4645288.26
2087.03	4645756.26
2088.72	4649310.26
2090.43	4649767.26
2092	4649972.26
2093.63	4650181.26
2095.33	4650328.26
2096.92	4653959.26
2099.25	4654257.26
2100.82	4654398.26
2102.75	4654753.26
2104.37	4655025.26
2106	4655090.26
2107.87	4655746.26
2109.82	4655839.26
2111.77	4656279.26
2113.35	4657055.26
2115.03	4657255.26
2116.65	4657455.26
2118.58	4660242.03
2120.12	4660449.03
2122.32	4660832.03
2124.02	4661062.03
2125.67	4661313.03
2127.6	4661378.03
2129.37	4662027.03
2131.08	4662486.03
2132.65	4662507.03
2134.65	4662623.03
2136.37	4662950.03
2138.25	4663322.03
2139.8	4663582.03
2141.55	4663936.03
2143.48	4664157.03
2145.38	4664337.03
2146.92	4664704.03
2148.8	4664917.03
2150.33	4665030.03
2151.93	4665260.03
2153.53	4665340.03
2155.47	4665656.03
2157.15	4665826.03
2159.13	4665858.03
2160.75	4665987.03
2162.53	4666155.03
2164.27	4666288.03
2166.4	4666477.03
2168.37	4666647.03
2170.33	4666890.03
2172.17	4669972.03
2173.83	4670027.03
2175.47	4670206.03
2177	4670256.03
2178.73	4670437.03
2180.58	4670726.03
2182.47	4673670.03
2184.33	4673799.03
2186.28	4674321.03
2188.05	4674562.03
2189.58	4674623.03
2191.47	4674734.03
2193.02	4674883.03
2194.98	4675152.03
2196.78	4675257.03
2198.47	4675593.03
2200.02	4675622.03
2202.15	4675891.03
2203.82	4675954.03
2205.6	4676134.03
2207.37	4676202.03
2209.38	4676765.21
2211	4676881.21
2212.97	4677123.21
2214.57	4677123.21
2216.22	4677949.21
2217.95	4678297.21
2219.87	4678536.21
2221.73	4678626.21
2223.27	4678678.21
2225.27	4679039.21
2227.03	4679200.21
2228.8	4679245.21
2230.68	4679453.21
2232.58	4679482.21
2234.23	4679682.21
2236.25	4681422.21
2238.17	4681492.21
2240	4681713.21
2241.93	4681866.21
2243.85	4681930.09
2245.82	4682066.09
2247.7	4682200.09
2249.35	4682479.09
2250.93	4682711.77
2252.63	4682902.77
2254.45	4683316.77
2256.27	4683352.77
2258.08	4683389.77
2260.02	4683495.77
2261.63	4683917.77
2263.48	4684150.77
2265.48	4684278.77
2267.15	4684389.77
2268.95	4684663.77
2270.78	4684813.77
2272.78	4685221.53
2274.37	4685721.53
2276.08	4685887.53
2278.08	4686051.64
2280	4686820.64
2281.62	4686997.64
2283.45	4687369
2285.25	4687511
2287.17	4687764
2288.93	4687979
2290.7	4688045.77
2292.23	4688167.77
2293.87	4688357.77
2295.6	4688533.77
2297.57	4688893.77
2299.55	4688977.77
2301.25	4689891.77
2302.85	4690063.77
2304.58	4690231.77
2306.23	4690471.77
2307.97	4690591.77
2309.52	4690801.79
2311.13	4691749.79
2312.9	4691797.79
2314.5	4692055.79
2316.4	4692418.79
2318.28	4693687.79
2320.1	4694091.79
2321.82	4694624.79
2323.7	4697775.79
2325.62	4697933.79
2327.22	4698709.79
2329.18	4698925.79
2330.97	4699233.79
2332.73	4699923.79
2334.62	4700519.79
2336.4	4701337.79
2338.03	4702651.79
2339.6	4702891.79
2341.27	4703196
2343.12	4703783
2344.85	4704140
2346.43	4705358.27
2347.98	4705819.27
2349.7	4706300.27
2351.65	4706468.27
2353.47	4710088.27
2355.02	4710690.27
2356.93	4711442.27
2358.65	4711678.27
2360.42	4713005.27
2362.38	4713924.27
2364.13	4714767.27
2366.05	4715285.27
2368	4715501.27
2369.72	4716554.27
2371.35	4716979.27
2373.15	4717427.28
2375.1	4717876.28
2378.85	4719614.28
2380.82	4720430.28
2382.57	4721253.28
2384.48	4722671.28
2386.38	4723449.28
2388.4	4725279.28
2390.35	4726038.28
2392.22	4726652.28
2393.8	4727878.28
2395.78	4729059.28
2397.65	4729945.28
2399.25	4733069.28
2400.97	4734679.28
2402.93	4738084.28
2404.83	4738631.28
2406.6	4739864.28
2408.5	4740993.28
2410.07	4741894.28
2411.87	4743211.28
2413.77	4743915.28
2415.52	4744772.28
2417.28	4745854.28
2419.25	4746660.28
2420.9	4748138.28
2422.88	4748851.28
2424.67	4749546.28
2426.33	4752089.28
2428.1	4755791.28
2429.83	4756697.28
2431.73	4757948.28
2433.42	4759199.28
2435.45	4760018.28
2437.45	4760813.06
2439.3	4761725.06
2441.17	4763018.06
2443.15	4763576.06
2444.8	4764481.06
2446.47	4766321.06
2448.22	4767444.06
2450.12	4768649.11
2452.02	4770132.11
2454	4771369.11
2455.8	4772808.11
2457.6	4773462.11
2459.17	4774519.11
2460.78	4775166.11
2462.67	4776716.28
2464.55	4777323.28
2466.23	4779764.28
2468.08	4780519.28
2469.88	4784859.28
2471.73	4785567.28
2473.62	4786976.28
2475.37	4787886.28
2477.05	4789840.28
2478.85	4792446
2480.63	4793384
2482.52	4795185
2484.28	4797871
2485.87	4798482
2487.53	4799348
2489.3	4800786
2490.93	4802628
2492.48	4803586
2494.27	4804624
2496.25	4806031
2498.45	4807569
2500.2	4809849
2502.08	4812850
2503.95	4815078.11
2505.6	4815558.11
2507.15	4817413.11
2509.05	4819201.11
2510.73	4823027.11
2512.4	4825064.11
2514.12	4827478.11
2515.73	4828961
2517.6	4830933.89
2519.38	4832282.89
2520.98	4834457.89
2522.73	4835576.89
2524.38	4837163.89
2526.17	4838805.89
2528.17	4840593.89
2530.02	4842886.22
2531.8	4844607.22
2533.8	4845842.22
2535.65	4848433.22
2537.33	4850016.22
2538.98	4851403.22
2540.92	4853351.94
2542.77	4854904.94
2544.45	4856907.94
2546.17	4857632.1
2547.97	4859404.1
2549.9	4860380.1
2551.48	4861513.6
2553.25	4863276.6
2554.8	4865209.6
2556.75	4868039.6
2558.7	4870099.6
2560.43	4871897.6
2562.37	4873279.6
2564.2	4877020.6
2565.72	4878698.6
2567.63	4881193
2569.63	4883162
2571.3	4885427
2573.18	4886949
2574.82	4888620
2576.38	4890259
2578.33	4892035
2580.25	4894082
2582.17	4896006
2583.95	4897613
2585.75	4898744
2587.55	4901778.3
2589.13	4903385.3
2591.12	4904813.3
2592.88	4909391.3
2594.58	4910465.04
2596.42	4913970.04
2598.38	4916695.04
2599.92	4918920.04
2601.65	4920665.04
2603.38	4923346.04
2605.4	4925180
2606.98	4927178
2608.92	4929223
2610.6	4933286
2612.22	4935161
2613.92	4937391.99
2615.88	4939717.99
2617.78	4940996.99
2619.82	4943639.49
2621.72	4945379.49
2623.33	4947758.49
2625.08	4949620.5
2626.78	4951791.5
2628.72	4953446.5
2630.45	4954908.5
2632.08	4960264.5
2633.95	4962782
2635.85	4965988
2637.63	4967271.21
2639.47	4969855.21
2641.4	4971202.21
2643.15	4974393.21
2645.15	4978177.21
2647.13	4981972.37
2649.03	4983287.37
2650.95	4986518.82
2652.5	4987119.82
2654.28	4988878.82
2655.85	4990885.82
2657.87	4993668.82
2659.73	4995326
2661.57	4998192
2663.52	4999497
2665.03	5001363
2666.58	5003274.01
2668.23	5004357.01
2670.05	5005865.01
2671.83	5009845
2673.67	5011359
2675.43	5012676.15
2677.37	5016099.15
2678.92	5018298.15
2680.65	5019066.15
2682.32	5021978.15
2683.88	5024401.15
2685.55	5025341.15
2687.43	5027805.15
2689.2	5028816.15
2691.05	5033093.15
2692.67	5033762.15
2694.22	5035468.26
2695.78	5036456.26
2697.72	5037661.26
2699.38	5039547.22
2701.07	5041160.22
2702.78	5042626.22
2704.7	5043681.22
2706.52	5045779.22
2708.35	5047724
2710.3	5049930
2711.93	5050798
2713.62	5052304
2715.53	5055707
2717.78	5059496
2719.6	5060832
2721.32	5062638
2723.28	5065493
2725.12	5066348
2727.07	5068477
2728.98	5071216
2730.73	5072792
2732.75	5074921
2735.08	5077723.01
2736.73	5078921.01
2738.4	5080897.31
2740.2	5082803.31
2741.87	5084460.31
2743.65	5086602.31
2745.5	5088250.31
2747.18	5089380.31
2749.32	5094552.31
2751.23	5095504.42
2753.2	5097063.92
2755.23	5099222.92
2757.02	5100970.92
2758.98	5101926.92
2760.77	5103228.92
2762.65	5105523
2764.33	5106175
2766.12	5107967
2767.98	5109858
2769.75	5110880
2771.47	5112019
2773.07	5113052
2774.8	5116241
2776.7	5117222
2778.42	5118323
2780.32	5119715
2781.93	5120948
2783.68	5123294
2785.58	5124708
2787.37	5126791
2788.92	5129847
2790.78	5131199
2792.55	5136165
2794.45	5138271
2797.35	5139213
2799	5139698
2800.85	5141059
2802.6	5141969
2804.37	5143367
2806.35	5144570
2807.85	5145752
2809.72	5146483
2811.67	5148135
2841.72	5172380.77
2843.62	5173607.77
2845.45	5174245.77
2847.12	5175320.77
2848.88	5176450.77
2850.88	5177324.77
2853	5178141.77
2854.83	5179256.77
2856.52	5180197.77
2858.27	5181688.77
2859.8	5182516.77
2861.4	5183381.77
2863	5184561.77
2864.58	5186884.77
2866.42	5188022
2868.37	5189117
2870.18	5190871
2872.12	5192297
2873.82	5193243
2875.72	5193884
2877.3	5194487
2878.97	5195348.68
2880.9	5196289.68
2882.78	5197082.68
2884.58	5198020.68
2886.38	5199140.1
2888	5199840.42
2889.78	5200787.42
2891.42	5201523.42
2893.33	5202189.42
2895.08	5203375.42
2897.05	5204503.42
2898.92	5205546.42
2900.8	5206934.42
2902.72	5208358.42
2904.38	5208871.42
2906.38	5210573.42
2908.22	5211374.42
2910.15	5213769.42
2911.78	5215897.42
2913.7	5217384.42
2915.67	5218842.13
2917.57	5221024.13
2919.37	5222015.13
2920.92	5224205.13
2922.72	5225628.13
2924.62	5226696.5
2926.58	5228497.5
2928.13	5229486.5
2929.93	5230986.5
2931.75	5233786.5
2933.6	5234454.5
2935.32	5237300.5
2936.98	5237961.5
2938.98	5240197.5
2940.98	5244127.5
2942.58	5244952
2944.15	5246547
2945.98	5248097
2947.8	5249372
2949.7	5250432.5
2951.28	5251073.5
2953.28	5252518.66
2955.17	5254428.66
2956.97	5255643.66
2958.75	5256943.66
2960.43	5258968.66
2963.47	5259590.66
2965.05	5260593
2967.05	5263096
2968.63	5264106
2970.33	5266456.3
2972.25	5267585.3
2974.08	5268929.3
2975.63	5270377.3
2977.45	5272358.41
2979.02	5275222.41
2980.77	5279274.41
2982.55	5280554.41
2984.38	5282785.41
2985.92	5283982.57
2987.45	5284654.57
2988.98	5286274.57
2990.6	5287249.57
2992.35	5287771.57
2994.05	5288772.57
2996.02	5289918.57
2997.75	5292169.57
2999.28	5293555.57
3000.9	5295201.57
3002.82	5296415.57
3004.48	5298558.57
3006.15	5299772.57
3008.17	5301175.57
3010.15	5306052.57
3011.92	5308312.57
3013.5	5308807.57
3015.52	5310517.57
3017.43	5311526.57
3019.15	5313215.73
3020.7	5313765.73
3022.35	5315319.73
3024.25	5316850.73
3025.82	5317212.73
3027.38	5320003
3029.37	5321893.01
3031.05	5323966.01
3032.87	5324428.01
3034.48	5326584.01
3036.07	5327173.01
3037.93	5331075.01
3039.52	5331927.01
3041.3	5333866.01
3042.87	5334644.01
3044.75	5335643.01
3046.62	5336648.01
3048.62	5337677
3050.23	5339108
3051.97	5340105.75
3053.82	5340681.75
3055.37	5342609.75
3057.17	5343868.75
3058.93	5345784.75
3060.83	5346937
3062.68	5348072
3064.48	5349938
3066.03	5351283
3067.77	5354087
3069.4	5355252
3071.35	5356305
3073.08	5356964
3074.77	5359644
3076.38	5360883
3078.27	5362282
3080.18	5364979
3082.18	5367025
3084.02	5370709
3085.7	5371402
3087.55	5372462
3089.27	5373770
3090.8	5374783
3092.63	5375993
3094.63	5377181
3096.6	5379940
3098.57	5381453
3100.27	5382131
3102.32	5384513
3104.08	5385300
3106.07	5386469
3107.62	5389083
3109.62	5390961
3111.6	5391895
3113.33	5392683
3115.15	5394153
3117.02	5395697
3118.72	5397182
3120.38	5398149.5
3121.9	5398807.5
3123.85	5399929.5
3125.57	5401465.5
3127.52	5403518
3129.1	5404700
3130.7	5406336
3132.62	5407813
3134.37	5408933
3136.13	5410922
3137.77	5412031
3139.47	5413057
3141.23	5414103
3142.93	5414842
3144.6	5415485
3146.6	5417144
3148.58	5417878
3150.18	5419702
3152.18	5421332
3154.03	5422491
3155.82	5423312
3157.63	5424821
3159.22	5426054
3161.18	5427796
3163.17	5429819.43
3164.8	5430787.43
3166.43	5432991.3
3168.32	5433558.3
3169.97	5434531.3
3171.58	5435202.3
3173.1	5436536.3
3174.65	5436966.3
3176.47	5438358.3
3178.3	5439042.3
3180.05	5439716.3
3181.85	5441430.3
3183.73	5442508.3
3185.62	5443430.3
3187.5	5444370.3
3189.45	5448325.3
3190.97	5448844.3
3192.68	5450326.3
3194.47	5451490.3
3196	5452120.3
3197.57	5453618.52
3199.23	5454527.52
3201.18	5455230.52
3202.93	5457034.52
3204.8	5457553.52
3206.57	5459700.52
3208.53	5461734.52
3210.07	5462813.52
3212	5464177
3213.78	5465591
3215.73	5467239
3217.35	5467340
3219.07	5469059.7
3220.88	5470081.7
3222.42	5471297.7
3224.22	5472338.7
3226.12	5472879.7
3227.9	5475369.7
3229.57	5475898.7
3231.52	5480837.7
3233.42	5481936.7
3235.23	5483412.7
3237.18	5484668.7
3238.97	5485878.7
3240.8	5488006.86
3242.35	5488506.86
3244.15	5491866.86
3245.93	5492639.87
3247.68	5493762.87
3249.68	5495138.87
3251.37	5495781.87
3252.92	5496711.87
3254.77	5499857.87
3256.48	5501256.87
3258.38	5501856.87
3260.28	5503504.87
3262.05	5504630.87
3263.87	5506246.87
3265.62	5506553.87
3267.57	5507520
3269.37	5508778.09
3271.23	5510279.09
3272.87	5511319.53
3274.93	5512426.53
3276.75	5512785.53
3278.28	5515792.53
3280.25	5517782.53
3281.85	5518195.53
3283.57	5519575.53
3285.43	5520588.53
3287.35	5521964.53
3289.02	5523011.53
3290.97	5524495.53
3292.57	5525555.53
3294.43	5526404.53
3296.18	5529176.53
3297.92	5529936.53
3299.68	5531876.53
3301.4	5532096.53
3302.92	5532782.53
3304.52	5534437.65
3306.5	5534894.28
3308.3	5535074.28
3309.9	5535762.28
3311.73	5536337.28
3313.72	5537350.28
3315.72	5538764.28
3317.48	5539334.28
3319.42	5540622.28
3321.3	5541053.28
3323.03	5541960.28
3324.92	5542790.28
3326.83	5543762.28
3328.38	5544192.51
3330.1	5545243.51
3332.1	5546235.51
3333.63	5546636.51
3335.18	5547182.51
3336.95	5548487.51
3338.55	5548864.51
3340.47	5549799.51
3342.23	5550546.51
3344.03	5550919.51
3345.57	5551805.51
3347.47	5552071.51
3349.03	5552501.51
3350.58	5553170.51
3352.17	5553399.51
3353.9	5553761.51
3355.58	5554479.66
3357.48	5555257
3359.47	5555498
3361.43	5556135
3363.32	5556736
3364.97	5556910
3366.53	5558220
3368.3	5558753
3370.27	5559100
3372.08	5559851
3373.97	5560051
3375.87	5560836.16
3377.52	5561397.16
3379.13	5562011.16
3380.95	5562980.16
3382.95	5563626.16
3384.75	5564332.16
3386.62	5564994.16
3388.47	5566238.16
3390.15	5566672.16
3391.93	5567211.16
3393.5	5567571.16
3395.17	5567956.16
3397.1	5568184.16
3399.03	5569059.16
3400.88	5569695.32
3403.58	5570277.16
3405.52	5570646.86
3407.45	5571295.86
3409.02	5571551.86
3410.75	5571960.86
3412.75	5572375.86
3414.33	5572597.86
3416.07	5572865.86
3417.72	5573077.86
3419.42	5573983.86
3421.37	5574079.86
3423.37	5574916.86
3425.32	5575483.86
3427.15	5575688.86
3429.12	5575954.86
3430.67	5576284.86
3432.63	5576794.86
3434.58	5577073.86
3436.47	5577884.86
3438.18	5578490.84
3440.1	5578849.84
3442.07	5579054.84
3443.95	5579668.34
3445.58	5580099.34
3447.4	5580194
3449.13	5580880
3450.8	5581223
3452.4	5581245
3454.12	5581620
3456.12	5581915
3457.98	5582058
3460	5582266
3461.77	5582501
3463.7	5582796
3465.58	5583302
3467.15	5583375
3468.87	5583580
3470.73	5583838
3472.52	5584056
3474.43	5584596
3476.07	5584673
3477.58	5584879
3479.22	5585023
3481.08	5585250
3482.92	5585429
3484.67	5585539
3486.18	5585690
3487.83	5586397
3489.62	5586533
3491.53	5587067
3493.28	5587123
3495.2	5587613
3497.15	5587738
3499.05	5588037
3500.77	5588542
3502.42	5588906
3504.07	5589510
3506.75	5589639
3508.75	5589901
3510.68	5590104
3512.53	5590445
3514.37	5590666
3516.03	5590890
3517.62	5591068.99
3519.38	5591220.99
3520.93	5591335.99
3522.57	5591595.99
3524.35	5591920.99
3526.33	5592104.99
3528.28	5592224.99
3529.97	5592444.99
3531.93	5592496.99
3533.68	5592555.99
3535.25	5592655.99
3537.1	5592744.99
3539.1	5593306.99
3541.02	5593328.99
3542.78	5594218.99
3544.8	5594590.99
3546.67	5594669.99
3548.57	5594866.99
3550.22	5595266.99
3552.22	5595793.99
3554	5596343.99
3555.63	5596383.99
3557.2	5596575.99
3559.08	5596720.99
3560.98	5596828.99
3563.38	5596848.99
3565.32	5596873.99
3567.07	5596917.99
3568.93	5596946.99
3570.48	5597122.99
3572.43	5597199.99
3574.17	5597235.99
3575.73	5597385.99
3577.37	5597430.99
3578.9	5597450.99
3580.88	5597774.99
3582.48	5597840.99
3584.35	5598019.99
3586.08	5598169.99
3587.83	5598241.99
3589.52	5598312.99
3591.1	5598403.99
3592.82	5598419.99
3594.62	5598424.99
3596.58	5598451.99
3598.13	5598647.99
3599.67	5598726.99
3601.62	5598896.99
3603.27	5598906.99
3604.78	5599006.99
3606.72	5599051.99
3608.68	5599409.99
3610.62	5599559.99
3612.38	5599610.99
3614.28	5599610.99
3616.18	5599731.99
3617.87	5599792.99
3619.58	5599914
3621.18	5600133
3623.13	5600184
3624.9	5600370
3626.62	5600478
3628.48	5600539
3630.47	5600594
3632.43	5600695
3634.37	5600706
3636.23	5600744
3638.22	5600773
3639.83	5600825
3641.38	5600904
3643.07	5600944
3644.75	5600964
3646.52	5601054
3648.2	5601115
3649.88	5601120
3651.77	5601372
3653.67	5601372
3655.63	5601438
3657.6	5602617
3659.52	5602617
3661.37	5602678
3662.97	5602741
3664.63	5602952
3666.45	5603002
3668.23	5603102
3669.75	5603147
3671.4	5603397
3673.12	5603407
3674.98	5603436
3676.57	5605452
3678.3	5605713
3680.25	5605774
3682.18	5605985
3684.12	5606075
3685.77	5606875
3687.8	5606875
3689.73	5606986
3691.75	5607226
3693.67	5607375
3695.3	5607475
3697.18	5607696
3698.87	5607882
3700.58	5608090
3702.47	5608343
3704.42	5608426
3706.13	5608612
3707.83	5608737
3709.67	5608917
3711.45	5609017
3713.05	5609157
3714.63	5609157
3716.62	5609177
3718.17	5609199
3719.72	5609439
3721.45	5609592
3723.13	5609642
3724.72	5609825
3726.35	5610231
3727.87	5610246
3729.63	5610372
3731.38	5610492
3732.95	5610497
3734.82	5610581
3736.57	5610706
3738.1	5610806
3740	5611185
3741.52	5611250
3743.2	5611379
3745.3	5611610
3747.1	5611615
3748.77	5611690
3750.7	5611776
3752.27	5612241
3753.82	5612291
3755.47	5612349
3757.47	5612421
3759.32	5612663
3761.3	5613344
3763.1	5613499
3764.82	5613630
3766.8	5613730
3768.35	5613951
3770.28	5614316
3772.02	5614900
3774.02	5615296
3775.73	5615459
3777.7	5615903
3779.52	5616037
3781.38	5616110
3783.33	5616633
3785.32	5616833
3787.17	5617164
3788.93	5619930
3790.73	5620075
3792.6	5620353
3794.37	5620519
3795.93	5620690
3797.65	5621197
3799.25	5621481
3801.23	5621746
3802.78	5621940
3804.63	5622519
3806.52	5622756
3808.13	5623057
3809.98	5623725
3811.98	5624657
3813.7	5625106
3815.62	5625779
3817.35	5625923
3819.18	5626015
3820.85	5626452
3822.78	5627181
3824.47	5627471
3826.42	5628324
3828.87	5628850
3830.53	5629411
3832.45	5629654
3833.98	5629847
3835.93	5630182
3837.9	5630692
3839.58	5631222
3841.5	5631702
3843.52	5632278
3845.38	5632417
3847.02	5633957
3849	5634758
3850.98	5635402
3852.72	5636202
3854.32	5636469
3855.93	5637398
3857.75	5637576
3859.68	5638302
3861.33	5638862
3862.92	5639544
3864.82	5640504
3866.57	5641423
3868.25	5641657
3869.93	5642639
3871.88	5642992
3873.48	5643383
3875.42	5643983
3877.08	5644376
3879	5644866
3880.77	5645462
3882.77	5646152
3884.5	5646605
3886.43	5647014
3888.05	5647442
3889.58	5647653
3891.12	5650820
3892.68	5651481
3894.43	5652091
3895.98	5652162
3897.8	5653029
3899.33	5653320
3901.23	5653992.11
3903.13	5654461
3904.92	5655273
3906.87	5656414
3908.82	5657466
3910.42	5657875
3911.95	5658714
3913.5	5659342
3915.07	5659567
3916.88	5659951
3918.68	5660560
3920.57	5661671
3922.15	5662149
3923.68	5662615
3925.38	5663990
3927.35	5664581
3929.15	5665676
3931.13	5666001
3932.98	5666933
3934.52	5667526
3936.28	5668804
3937.95	5668956
3939.83	5670578
3941.6	5671477
3943.23	5672137
3944.75	5672947
3946.6	5673789
3948.22	5674444
3950.47	5675211
3952.18	5676348
3953.88	5676899
3955.52	5677665
3957.17	5678263
3958.73	5680146
3960.52	5680505
3962.23	5681027
3964.23	5682326
3966	5683173
3967.57	5683634
3969.48	5685087
3971.13	5686369
3972.9	5686948
3974.8	5688388
