# Stature and waist circumference of Vietnamese military personnel in 1963,
# two anthropometric variables extracted from `RVN63_mil_anthro.dat`. See
# that file for details of the data's provenance.
#
# This is a nice dataset for testing because a lot of the x values are
# repeated, and the x-y correlation is unambiguously statistically significant
# but modest (r = +0.24).
#
# STATURE = standing height (cm)
# WAIST_CIRC = waist circumference at navel, with relaxed abdomen (cm)
STATURE	WAIST_CIRC
161.4	70.0
161.4	67.0
164.4	63.0
159.4	67.0
166.4	80.0
160.4	81.0
157.4	69.0
166.4	65.5
161.4	68.0
168.4	81.0
158.4	64.0
152.4	61.5
151.4	75.0
158.4	66.0
161.4	71.0
155.4	63.5
168.4	61.5
166.4	71.0
160.4	70.0
158.4	69.0
155.4	61.5
163.4	79.5
158.4	66.0
156.4	64.0
159.4	70.0
156.4	61.0
153.4	68.5
163.4	61.5
168.4	69.5
159.4	66.0
162.4	68.5
155.4	64.0
146.4	57.5
166.4	68.0
150.4	63.0
161.4	57.5
162.4	66.0
159.4	68.0
153.4	64.0
157.4	68.0
155.4	66.5
161.4	66.5
169.4	67.5
164.4	64.5
163.4	67.0
153.4	69.5
161.4	67.5
164.4	58.7
165.4	80.3
167.4	62.8
156.4	60.5
159.4	66.0
156.4	66.5
156.4	63.5
159.4	65.2
166.4	68.0
167.4	73.5
155.4	60.1
166.4	68.2
155.4	67.0
168.4	67.8
161.4	65.7
159.4	69.0
148.4	65.0
158.4	64.0
160.4	67.6
153.4	63.2
157.4	56.0
157.4	71.5
163.4	68.5
160.4	65.2
161.4	69.0
156.4	77.6
154.4	62.8
155.4	68.5
164.4	70.1
158.4	67.0
164.4	71.3
169.4	64.5
157.4	63.0
159.4	62.5
161.4	57.0
164.4	63.6
157.4	73.0
161.4	62.5
161.4	66.5
159.4	70.0
158.4	68.0
168.4	67.2
162.4	67.0
165.4	68.5
162.4	73.1
156.4	69.5
160.4	63.0
161.4	64.0
161.4	62.0
166.4	66.0
161.4	68.0
163.4	67.3
152.4	62.0
155.4	63.0
160.4	70.0
158.4	62.0
163.4	68.5
161.4	71.0
162.4	72.5
157.4	61.0
156.4	68.0
152.4	68.4
158.4	64.5
159.4	67.0
156.4	71.6
162.4	67.0
150.4	65.0
160.4	64.0
163.4	69.2
154.4	63.5
165.4	67.0
162.4	64.0
160.4	62.5
161.4	68.5
158.4	64.0
165.4	64.5
157.4	69.5
160.4	63.5
160.4	67.5
156.4	61.5
157.4	77.0
160.4	63.5
159.4	66.5
156.4	63.3
173.4	70.5
157.4	65.5
159.4	75.7
162.4	78.0
166.4	71.4
164.4	67.3
154.4	67.0
165.4	61.0
156.4	59.5
154.4	65.5
160.4	65.5
167.4	64.5
161.4	68.5
161.4	65.0
164.4	70.0
162.4	68.0
164.4	64.5
156.4	66.0
171.4	68.0
169.4	68.0
163.4	62.0
158.4	61.0
160.4	59.0
174.4	66.5
160.4	78.5
167.4	62.1
158.4	75.0
166.4	64.5
176.4	67.3
163.4	60.2
161.4	65.0
165.4	66.5
169.4	69.0
165.4	65.5
163.4	64.5
156.4	67.0
160.4	63.0
159.4	74.0
156.4	65.0
162.4	65.5
161.4	65.5
159.4	63.0
159.4	63.0
158.4	68.3
161.4	66.5
166.4	67.0
158.4	62.0
166.4	69.7
156.4	62.0
163.4	73.5
164.4	65.5
156.4	62.5
163.4	64.0
152.4	67.8
156.4	71.0
167.4	62.5
157.4	62.8
151.4	66.0
161.4	63.5
166.4	71.5
162.4	66.9
155.4	67.0
158.4	72.0
177.4	69.0
157.4	64.0
160.4	74.5
160.4	71.5
152.4	65.5
157.4	69.0
157.4	62.5
157.4	65.0
161.4	67.0
161.4	61.0
151.4	65.2
161.4	76.2
160.4	63.2
162.4	65.5
158.4	64.2
157.4	63.8
163.4	67.1
167.4	68.7
164.4	74.5
162.4	65.0
159.4	68.5
161.4	64.8
155.4	64.7
152.4	66.3
158.4	65.5
164.4	72.0
165.4	69.0
154.4	68.7
166.4	67.0
159.4	62.5
162.4	65.0
176.4	71.0
152.4	68.2
168.4	65.8
160.4	65.3
162.4	68.0
160.4	61.0
160.4	65.8
165.4	64.8
163.4	71.0
158.4	60.3
158.4	69.2
160.4	62.4
155.4	76.3
156.4	67.5
158.4	65.5
166.4	69.5
168.4	68.6
163.4	69.2
162.4	66.2
162.4	67.0
168.4	68.0
154.4	64.5
158.4	64.5
161.4	64.0
156.4	68.5
157.4	70.0
159.4	66.5
165.4	67.3
159.4	62.5
160.4	59.5
158.4	63.7
167.4	68.0
162.4	69.5
175.4	77.0
156.4	59.0
160.4	68.7
155.4	66.0
157.4	86.7
161.4	60.7
164.4	67.2
152.4	62.2
158.4	68.0
166.4	65.4
154.4	67.5
162.4	60.0
163.4	64.5
159.4	67.0
163.4	64.0
162.4	64.5
158.4	60.0
158.4	60.0
162.4	66.3
156.4	66.1
166.4	64.3
154.4	68.0
166.4	66.0
161.4	73.0
165.4	66.2
159.4	66.0
166.4	66.2
155.4	64.5
158.4	66.5
170.4	67.0
157.4	63.0
163.4	68.0
161.4	65.5
159.4	66.0
161.4	60.5
164.4	79.0
164.4	70.0
164.4	66.0
170.4	66.5
166.4	64.5
171.4	67.8
163.4	71.0
162.4	65.5
166.4	72.2
159.4	64.2
163.4	69.3
165.4	71.7
160.4	68.5
170.4	75.9
166.4	70.0
162.4	60.7
165.4	72.5
165.4	67.2
163.4	66.0
164.4	62.0
167.4	77.0
161.4	73.2
161.4	63.2
161.4	62.0
162.4	64.5
164.4	85.8
169.4	67.0
157.4	64.0
151.4	62.0
159.4	63.2
153.4	71.2
159.4	64.0
162.4	64.7
166.4	60.5
166.4	71.8
161.4	59.5
161.4	60.0
155.4	82.5
167.4	63.0
171.4	64.0
158.4	69.2
162.4	63.0
159.4	57.0
154.4	58.5
152.4	57.5
162.4	69.5
156.4	66.0
169.4	65.5
151.4	66.5
166.4	63.5
154.4	59.5
163.4	68.0
168.4	67.0
168.4	63.5
161.4	64.0
151.4	66.0
156.4	60.0
157.4	71.0
164.4	68.0
162.4	72.0
156.4	61.0
161.4	66.0
172.4	73.9
161.4	68.0
155.4	62.5
159.4	68.0
161.4	63.0
170.4	72.0
160.4	67.0
162.4	64.0
156.4	66.0
158.4	69.9
164.4	68.0
168.4	68.0
158.4	62.9
163.4	70.0
162.4	65.2
166.4	72.5
161.4	61.5
164.4	70.0
159.4	60.5
157.4	61.0
167.4	68.0
168.4	67.0
162.4	72.0
150.4	63.0
150.4	59.0
165.4	61.5
163.4	79.0
166.4	67.0
166.4	65.0
161.4	58.0
164.4	69.5
151.4	68.5
152.4	64.0
168.4	66.5
151.4	64.0
149.4	66.0
162.4	61.0
160.4	67.5
160.4	75.0
155.4	78.0
164.4	66.0
156.4	64.0
167.4	73.5
171.4	60.0
166.4	66.5
162.4	63.5
169.4	69.5
158.4	64.0
155.4	69.0
154.4	69.5
165.4	65.0
163.4	67.0
160.4	70.0
155.4	65.0
156.4	71.8
152.4	63.0
162.4	71.5
161.4	64.0
168.4	72.0
163.4	65.0
165.4	68.5
170.4	64.0
164.4	67.1
158.4	69.1
152.4	64.0
156.4	63.0
155.4	61.8
164.4	59.5
164.4	70.0
159.4	65.0
172.4	65.5
165.4	65.5
155.4	63.0
163.4	66.0
164.4	65.5
162.4	68.5
155.4	65.0
153.4	59.5
157.4	66.0
161.4	66.7
158.4	66.0
169.4	66.0
153.4	74.3
171.4	70.0
166.4	75.5
163.4	65.2
160.4	66.0
162.4	66.0
155.4	78.0
152.4	63.0
166.4	68.2
166.4	74.7
157.4	58.0
166.4	69.5
156.4	67.2
166.4	66.0
166.4	73.0
159.4	75.5
148.4	64.9
162.4	69.5
166.4	70.5
162.4	70.5
169.4	71.0
164.4	63.0
168.4	68.0
171.4	71.0
165.4	74.0
167.4	71.0
154.4	66.0
160.4	64.0
152.4	67.2
155.4	66.5
168.4	63.5
153.4	69.6
168.4	73.5
159.4	61.5
169.4	64.4
168.4	72.3
152.4	71.2
153.4	68.7
162.4	66.7
172.4	73.2
166.4	66.4
165.4	70.8
161.4	66.0
157.4	72.8
170.4	64.5
159.4	64.5
165.4	72.5
164.4	70.0
162.4	63.0
167.4	86.0
159.4	60.0
169.4	68.0
162.4	61.5
152.4	63.5
166.4	68.6
171.4	70.8
153.4	66.9
155.4	69.7
150.4	67.0
168.4	68.0
157.4	65.0
160.4	62.0
169.4	71.9
155.4	77.0
166.4	65.0
169.4	69.0
163.4	71.0
161.4	67.0
166.4	68.8
158.4	66.0
164.4	70.0
157.4	69.9
165.4	68.0
167.4	65.0
156.4	59.0
169.4	70.5
176.4	74.9
157.4	64.0
165.4	67.9
153.4	63.0
161.4	65.5
152.4	62.2
161.4	61.0
168.4	66.5
158.4	69.0
160.4	71.5
155.4	65.0
164.4	74.0
154.4	68.0
161.4	64.0
166.4	66.5
161.4	73.5
165.4	69.0
155.4	69.0
155.4	66.0
165.4	67.5
167.4	68.0
165.4	66.5
156.4	67.5
159.4	68.5
160.4	65.0
170.4	68.5
154.4	68.0
170.4	66.5
143.4	61.5
157.4	67.0
164.4	65.5
157.4	68.0
158.4	71.0
153.4	74.5
162.4	64.2
164.4	84.0
152.4	63.5
169.4	64.2
165.4	70.0
165.4	78.0
166.4	73.2
173.4	71.2
150.4	65.7
153.4	58.7
162.4	68.9
160.4	68.2
167.4	72.0
160.4	67.1
158.4	65.7
153.4	65.2
170.4	64.5
157.4	59.6
165.4	70.2
166.4	74.1
166.4	65.1
157.4	70.7
155.4	71.0
148.4	66.6
156.4	72.2
151.4	64.8
160.4	66.7
162.4	70.7
167.4	72.3
158.4	73.8
161.4	70.8
162.4	61.3
161.4	70.4
160.4	69.0
154.4	61.2
170.4	72.2
163.4	70.7
165.4	72.3
164.4	67.0
161.4	66.0
159.4	68.7
149.4	64.0
165.4	68.2
167.4	81.5
152.4	61.2
168.4	68.2
171.4	74.0
161.4	77.0
156.4	66.0
153.4	68.0
165.4	70.5
159.4	66.5
166.4	62.0
162.4	63.5
163.4	63.5
160.4	67.0
162.4	63.0
158.4	60.5
159.4	74.0
169.4	74.5
167.4	72.0
154.4	76.0
159.4	66.0
159.4	74.0
175.4	68.0
162.4	66.0
155.4	62.0
167.4	62.2
157.4	72.5
160.4	60.0
160.4	67.5
160.4	65.0
160.4	66.1
159.4	65.0
163.4	70.0
165.4	68.0
163.4	62.0
164.4	63.5
160.4	63.0
154.4	65.2
163.4	75.0
169.4	65.9
159.4	59.5
169.4	63.3
162.4	64.1
158.4	65.9
159.4	62.0
157.4	68.5
154.4	59.0
163.4	72.5
158.4	67.7
161.4	75.5
156.4	69.2
164.4	63.1
161.4	81.0
154.4	64.0
150.4	61.5
157.4	62.6
156.4	66.0
156.4	62.0
171.4	73.7
165.4	71.9
163.4	61.7
157.4	70.0
168.4	60.0
156.4	59.0
156.4	58.2
175.4	84.7
161.4	63.9
157.4	70.2
154.4	58.7
166.4	86.6
162.4	62.9
160.4	73.4
159.4	77.5
168.4	58.0
156.4	68.0
176.4	72.5
159.4	70.5
167.4	75.0
160.4	69.5
166.4	65.0
166.4	66.5
157.4	68.0
162.4	68.5
167.4	70.3
158.4	73.5
156.4	62.5
156.4	75.2
159.4	70.7
167.4	65.0
158.4	60.0
169.4	61.8
157.4	61.8
164.4	62.0
159.4	67.5
162.4	68.5
151.4	79.5
163.4	68.0
166.4	67.0
159.4	64.0
157.4	64.2
161.4	66.5
169.4	67.5
156.4	72.0
162.4	63.8
160.4	70.0
154.4	66.5
166.4	62.5
168.4	67.5
150.4	60.0
167.4	69.8
168.4	71.2
158.4	64.8
166.4	62.3
151.4	68.0
166.4	62.0
166.4	65.0
158.4	64.0
162.4	73.0
153.4	65.0
152.4	63.0
153.4	66.2
163.4	69.5
158.4	63.5
163.4	65.3
162.4	80.3
169.4	70.0
167.4	70.5
159.4	62.1
162.4	68.5
175.4	64.0
157.4	62.0
169.4	77.4
156.4	76.2
157.4	70.0
157.4	83.1
158.4	66.9
163.4	78.4
159.4	57.9
156.4	67.8
164.4	67.6
159.4	65.1
156.4	65.5
160.4	63.9
159.4	74.3
159.4	66.9
159.4	74.2
152.4	57.2
157.4	69.4
155.4	80.0
157.4	74.0
155.4	70.7
159.4	73.6
162.4	68.4
164.4	65.4
160.4	67.3
166.4	74.3
154.4	69.7
168.4	68.7
158.4	70.4
156.4	67.0
158.4	80.0
162.4	66.0
169.4	84.3
152.4	66.0
157.4	62.0
157.4	65.2
166.4	65.1
164.4	73.0
160.4	64.5
165.4	73.8
154.4	79.5
164.4	69.5
159.4	67.5
156.4	80.0
167.4	75.0
168.4	62.0
162.4	69.0
159.4	84.0
155.4	71.0
160.4	64.8
160.4	77.3
155.4	68.0
166.4	75.0
161.4	76.0
158.4	85.5
177.4	87.8
158.4	67.3
152.4	61.0
153.4	66.0
162.4	78.0
163.4	66.3
169.4	87.7
160.4	63.0
165.4	63.0
170.4	63.8
160.4	64.8
160.4	62.5
162.4	64.0
163.4	70.0
163.4	71.0
171.4	65.0
167.4	68.2
161.4	60.0
160.4	71.5
165.4	67.8
159.4	62.5
168.4	76.0
167.4	71.5
159.4	67.0
159.4	65.0
162.4	61.8
164.4	73.5
168.4	63.0
158.4	63.0
164.4	64.3
159.4	65.3
168.4	66.3
169.4	68.5
152.4	71.2
152.4	63.0
159.4	73.0
164.4	63.2
164.4	69.0
164.4	65.0
164.4	58.0
172.4	74.0
157.4	68.0
163.4	62.5
173.4	69.0
154.4	66.0
153.4	64.5
168.4	63.0
155.4	63.0
167.4	67.5
161.4	63.6
159.4	64.9
168.4	68.6
158.4	63.2
149.4	65.5
156.4	66.5
161.4	66.8
167.4	64.0
165.4	62.0
158.4	65.5
157.4	59.0
157.4	64.0
161.4	67.5
158.4	64.0
158.4	64.5
163.4	69.0
159.4	64.0
159.4	68.0
160.4	70.3
161.4	64.5
162.4	66.5
163.4	58.2
152.4	65.2
164.4	70.5
167.4	73.0
157.4	63.7
170.4	62.0
163.4	65.2
158.4	63.2
155.4	59.0
161.4	63.7
160.4	76.5
154.4	78.5
165.4	68.5
168.4	62.1
168.4	63.5
164.4	70.0
169.4	70.0
162.4	74.0
159.4	67.0
164.4	67.5
159.4	64.2
166.4	87.0
155.4	57.3
160.4	76.8
160.4	63.5
168.4	62.0
159.4	59.9
150.4	69.0
167.4	69.0
160.4	56.5
159.4	71.5
152.4	66.0
154.4	66.0
154.4	70.0
161.4	69.3
169.4	75.5
159.4	77.5
171.4	76.0
167.4	65.0
165.4	67.0
160.4	65.0
158.4	80.0
164.4	81.0
168.4	67.5
152.4	68.0
158.4	72.5
160.4	73.0
161.4	80.0
161.4	70.7
168.4	82.5
163.4	83.4
170.4	63.5
165.4	64.5
153.4	70.5
158.4	62.1
154.4	63.2
149.4	62.7
157.4	69.3
156.4	64.2
162.4	69.5
155.4	65.5
166.4	70.0
154.4	65.5
164.4	74.0
170.4	82.7
157.4	66.8
169.4	68.0
156.4	68.2
158.4	69.8
162.4	66.0
164.4	70.0
153.4	69.5
155.4	66.5
158.4	70.0
165.4	72.0
161.4	75.0
163.4	73.8
159.4	67.9
159.4	67.0
153.4	67.5
168.4	68.0
157.4	68.4
155.4	67.0
156.4	65.7
159.4	67.0
167.4	65.2
159.4	66.0
160.4	69.0
164.4	63.5
157.4	68.0
155.4	66.0
164.4	71.0
151.4	63.5
154.4	63.0
157.4	67.0
157.4	68.0
158.4	70.0
167.4	69.0
166.4	70.0
165.4	66.0
150.4	65.8
158.4	65.8
155.4	66.2
154.4	63.2
164.4	71.8
161.4	69.0
155.4	71.0
165.4	65.0
162.4	69.0
150.4	61.5
161.4	70.0
160.4	64.0
158.4	65.5
164.4	71.0
156.4	73.5
159.4	62.0
162.4	65.5
166.4	65.0
159.4	74.2
166.4	66.0
159.4	66.5
164.4	67.0
152.4	63.0
159.4	69.0
156.4	67.0
162.4	63.0
153.4	65.5
164.4	70.0
164.4	67.0
152.4	65.5
160.4	65.0
160.4	66.0
162.4	70.5
166.4	65.5
161.4	69.4
157.4	64.5
156.4	68.2
158.4	68.0
153.4	68.2
161.4	69.0
169.4	75.7
158.4	70.0
156.4	72.5
158.4	69.0
156.4	60.0
160.4	65.6
162.4	66.6
157.4	64.5
160.4	73.0
160.4	71.5
153.4	68.5
163.4	65.4
159.4	67.3
163.4	62.5
164.4	64.0
162.4	70.3
160.4	69.5
171.4	65.0
164.4	67.7
164.4	70.2
157.4	64.2
155.4	65.0
163.4	69.8
168.4	69.0
161.4	62.2
157.4	66.8
161.4	67.0
165.4	68.2
153.4	60.0
154.4	67.3
154.4	68.0
165.4	68.2
158.4	65.8
155.4	64.5
162.4	70.5
153.4	69.0
166.4	66.8
161.4	64.0
164.4	69.2
155.4	64.0
165.4	67.0
159.4	67.0
159.4	67.3
162.4	68.8
157.4	63.2
158.4	68.5
166.4	71.5
156.4	63.2
163.4	68.8
167.4	65.0
157.4	73.5
149.4	61.5
160.4	68.0
159.4	66.0
159.4	69.0
156.4	66.0
151.4	62.0
158.4	74.2
161.4	63.0
165.4	67.5
160.4	65.5
158.4	70.0
161.4	70.2
158.4	67.7
152.4	66.0
158.4	64.2
159.4	68.0
157.4	63.0
165.4	62.5
164.4	66.0
160.4	58.8
161.4	75.0
149.4	60.0
169.4	67.7
165.4	67.0
168.4	65.0
155.4	64.0
159.4	61.0
166.4	68.0
156.4	65.0
164.4	63.5
150.4	68.2
170.4	65.5
165.4	71.2
157.4	71.3
153.4	63.4
157.4	63.0
153.4	66.3
160.4	67.0
159.4	61.0
171.4	73.2
161.4	65.0
167.4	83.0
164.4	69.0
162.4	69.5
156.4	68.2
156.4	83.5
158.4	70.3
158.4	66.0
163.4	67.5
164.4	73.5
156.4	64.5
155.4	66.5
161.4	73.0
161.4	69.0
159.4	65.0
160.4	74.2
156.4	68.4
161.4	68.5
151.4	68.0
176.4	76.7
162.4	78.5
159.4	65.0
161.4	69.0
165.4	71.5
166.4	73.5
162.4	62.8
168.4	68.5
155.4	65.1
156.4	65.0
165.4	71.8
162.4	67.0
156.4	65.0
162.4	64.5
156.4	67.8
157.4	66.8
157.4	61.3
155.4	66.8
161.4	67.0
160.4	76.2
160.4	66.5
160.4	68.0
172.4	74.5
150.4	71.8
155.4	62.0
165.4	70.0
154.4	67.7
154.4	69.2
153.4	62.0
153.4	67.8
157.4	65.7
151.4	69.8
156.4	65.0
160.4	69.5
162.4	70.0
159.4	65.3
164.4	70.0
156.4	65.5
163.4	70.5
157.4	65.0
164.4	76.7
159.4	72.4
158.4	65.7
155.4	72.5
156.4	74.0
159.4	66.0
156.4	72.5
166.4	62.0
162.4	64.0
158.4	69.0
164.4	67.5
156.4	68.0
167.4	67.6
154.4	71.9
155.4	63.0
167.4	78.0
159.4	73.5
157.4	71.0
159.4	71.0
164.4	70.5
157.4	63.4
160.4	67.0
159.4	71.5
154.4	72.0
164.4	65.5
164.4	79.0
166.4	67.0
159.4	71.5
158.4	68.0
158.4	69.0
160.4	70.0
164.4	68.0
159.4	72.5
159.4	70.0
169.4	74.2
165.4	68.0
163.4	73.0
163.4	66.7
159.4	62.5
151.4	58.0
153.4	67.5
157.4	67.0
158.4	61.0
161.4	62.0
164.4	68.2
167.4	71.5
154.4	61.0
153.4	61.0
172.4	66.5
158.4	59.5
162.4	70.0
161.4	69.3
154.4	69.0
161.4	72.0
159.4	68.0
156.4	61.7
162.4	65.3
156.4	64.0
164.4	61.0
162.4	64.2
162.4	69.4
154.4	60.5
158.4	67.0
159.4	68.5
158.4	59.5
159.4	67.8
153.4	60.0
161.4	64.4
164.4	67.8
151.4	66.0
156.4	66.5
171.4	67.2
159.4	75.0
162.4	65.0
145.4	67.5
160.4	64.8
158.4	68.5
172.4	71.7
157.4	74.5
158.4	67.5
174.4	70.0
163.4	66.0
165.4	67.5
158.4	62.0
157.4	67.5
156.4	63.0
154.4	66.0
161.4	67.0
157.4	65.0
163.4	67.0
169.4	68.4
156.4	65.0
170.4	63.5
158.4	59.0
159.4	67.8
155.4	71.2
171.4	67.0
162.4	73.8
160.4	67.2
163.4	69.4
154.4	72.4
160.4	64.8
156.4	66.8
151.4	57.3
161.4	70.0
161.4	65.0
152.4	65.8
166.4	76.2
169.4	69.8
167.4	63.0
162.4	66.0
168.4	63.0
155.4	62.5
163.4	70.0
166.4	64.0
163.4	65.1
156.4	62.5
158.4	68.0
158.4	64.0
155.4	63.2
155.4	62.0
148.4	68.0
157.4	58.2
147.4	65.0
163.4	77.1
162.4	66.0
159.4	71.5
157.4	66.5
161.4	69.0
163.4	74.7
157.4	65.0
163.4	68.5
160.4	67.2
161.4	68.0
161.4	84.7
165.4	68.0
158.4	67.0
154.4	68.5
162.4	75.8
169.4	64.0
156.4	67.0
165.4	71.0
157.4	64.3
157.4	71.0
160.4	64.2
157.4	80.0
165.4	85.8
158.4	74.0
168.4	81.2
160.4	68.0
165.4	64.0
156.4	68.2
163.4	79.5
161.4	75.5
158.4	68.9
158.4	62.5
159.4	62.1
152.4	63.5
152.4	65.0
156.4	60.0
163.4	63.0
168.4	63.5
156.4	72.2
158.4	67.7
171.4	66.0
162.4	67.0
167.4	63.0
160.4	63.5
157.4	66.5
161.4	65.0
153.4	72.0
162.4	68.9
155.4	69.4
154.4	67.5
162.4	65.8
159.4	75.5
165.4	69.0
162.4	68.5
150.4	70.7
170.4	75.5
156.4	71.0
163.4	70.8
155.4	65.4
160.4	67.4
151.4	74.2
155.4	72.0
154.4	57.7
157.4	67.0
159.4	70.3
167.4	69.8
163.4	65.0
168.4	69.0
163.4	66.0
161.4	68.5
153.4	68.5
158.4	71.0
159.4	67.5
150.4	63.5
153.4	66.5
158.4	65.5
157.4	67.5
151.4	67.0
158.4	69.0
153.4	66.5
151.4	66.5
162.4	65.0
157.4	62.0
156.4	72.5
155.4	66.0
164.4	66.0
158.4	66.0
147.4	65.5
159.4	64.0
156.4	66.0
159.4	72.0
158.4	65.0
151.4	65.0
162.4	70.0
150.4	63.8
158.4	68.5
154.4	68.5
153.4	61.0
169.4	70.0
157.4	68.3
168.4	60.5
158.4	70.0
159.4	66.0
163.4	69.2
161.4	76.0
149.4	69.2
161.4	69.5
156.4	73.0
163.4	65.2
151.4	72.0
164.4	65.5
157.4	69.0
170.4	74.5
158.4	67.2
151.4	71.0
154.4	64.0
161.4	64.0
162.4	65.3
167.4	69.0
162.4	66.5
162.4	68.0
162.4	74.0
164.4	73.0
154.4	64.0
165.4	64.4
168.4	75.6
152.4	65.2
157.4	66.5
150.4	62.5
153.4	63.5
160.4	64.5
161.4	67.0
158.4	62.5
160.4	79.0
162.4	65.0
156.4	63.0
152.4	61.0
157.4	72.0
166.4	72.5
163.4	68.3
165.4	70.0
155.4	71.7
157.4	80.5
161.4	64.0
153.4	65.1
153.4	67.1
162.4	65.7
161.4	72.7
163.4	70.9
159.4	70.0
161.4	73.7
150.4	71.5
152.4	65.5
152.4	72.2
160.4	68.2
155.4	59.8
163.4	69.0
156.4	73.2
163.4	67.0
163.4	65.0
158.4	65.5
158.4	64.2
153.4	69.0
160.4	59.8
158.4	65.8
159.4	62.2
157.4	64.3
165.4	67.0
151.4	67.0
155.4	61.0
157.4	67.0
161.4	64.0
157.4	66.5
151.4	65.0
157.4	67.0
160.4	72.5
162.4	67.0
157.4	64.0
155.4	68.0
160.4	66.0
155.4	67.0
165.4	68.0
148.4	62.0
164.4	65.0
162.4	63.0
158.4	69.0
168.4	63.5
158.4	61.5
158.4	71.0
159.4	64.5
165.4	66.0
160.4	63.0
163.4	65.5
160.4	73.0
161.4	71.0
160.4	64.0
150.4	67.5
162.4	68.0
154.4	67.0
153.4	59.0
169.4	73.0
154.4	59.2
157.4	64.0
156.4	64.0
166.4	74.0
156.4	65.5
164.4	82.5
155.4	66.3
168.4	68.8
169.4	76.0
156.4	63.1
171.4	62.5
161.4	64.0
163.4	66.0
158.4	65.0
161.4	63.0
156.4	71.0
167.4	66.5
157.4	66.0
157.4	69.0
166.4	70.0
163.4	74.5
155.4	76.0
155.4	64.0
164.4	59.0
157.4	81.0
163.4	66.5
161.4	72.0
155.4	73.0
160.4	65.5
156.4	67.0
157.4	67.0
162.4	65.0
160.4	64.0
162.4	67.5
169.4	74.0
158.4	69.5
161.4	66.5
169.4	69.5
166.4	62.0
170.4	63.2
161.4	68.0
165.4	68.0
159.4	62.0
164.4	70.2
161.4	65.5
157.4	65.8
169.4	58.8
156.4	65.5
150.4	66.0
169.4	70.3
155.4	66.0
158.4	53.5
165.4	68.4
162.4	68.5
157.4	64.0
166.4	66.0
163.4	70.5
171.4	67.0
157.4	70.0
174.4	87.0
158.4	66.0
167.4	72.5
167.4	85.5
154.4	72.0
149.4	66.0
160.4	66.0
164.4	65.5
151.4	64.7
165.4	78.0
160.4	73.8
162.4	70.8
166.4	79.0
163.4	75.0
165.4	69.2
161.4	82.2
157.4	65.6
155.4	65.2
166.4	67.5
166.4	78.3
166.4	71.0
156.4	59.5
166.4	62.0
157.4	64.0
169.4	75.5
165.4	64.0
161.4	72.8
160.4	65.8
166.4	65.2
160.4	69.0
155.4	65.0
170.4	72.2
155.4	65.5
164.4	66.8
166.4	76.0
161.4	73.0
160.4	77.0
163.4	65.3
166.4	65.0
152.4	76.0
170.4	78.0
164.4	66.0
156.4	80.0
164.4	67.0
162.4	71.0
165.4	70.0
159.4	64.2
164.4	76.2
164.4	73.4
161.4	62.6
165.4	66.0
168.4	84.0
167.4	71.6
149.4	69.0
156.4	72.0
169.4	65.0
165.4	67.0
160.4	64.0
168.4	79.0
166.4	79.9
160.4	66.0
156.4	64.5
164.4	70.0
161.4	67.5
151.4	73.0
168.4	67.5
152.4	59.3
159.4	73.0
155.4	62.7
156.4	67.0
160.4	73.0
163.4	71.0
163.4	73.2
158.4	65.5
160.4	68.8
167.4	70.0
156.4	66.3
153.4	67.5
154.4	73.5
153.4	63.5
159.4	69.0
172.4	68.5
155.4	74.0
159.4	66.3
155.4	68.5
155.4	66.0
158.4	63.5
157.4	64.7
152.4	64.6
156.4	59.4
160.4	65.6
170.4	68.5
163.4	68.0
144.4	67.0
155.4	70.5
156.4	73.4
166.4	69.0
150.4	65.0
161.4	68.1
159.4	67.5
154.4	62.7
165.4	71.1
156.4	67.4
168.4	72.6
164.4	69.0
156.4	68.5
156.4	69.0
170.4	70.8
152.4	67.6
150.4	68.6
166.4	65.6
157.4	76.8
153.4	68.0
153.4	63.9
163.4	71.0
162.4	66.5
160.4	78.0
160.4	69.0
160.4	68.0
165.4	70.0
158.4	63.5
153.4	66.0
150.4	65.0
161.4	70.5
156.4	66.5
156.4	68.0
160.4	70.5
163.4	70.0
160.4	67.0
157.4	62.0
163.4	69.0
158.4	63.0
168.4	68.0
156.4	67.0
160.4	69.0
156.4	63.2
150.4	67.0
167.4	68.5
160.4	70.0
162.4	75.0
158.4	62.8
163.4	63.5
158.4	62.8
164.4	73.0
153.4	69.7
158.4	69.5
160.4	74.2
156.4	72.5
161.4	66.3
164.4	68.9
157.4	74.0
154.4	68.5
156.4	61.0
154.4	70.3
162.4	63.2
154.4	68.0
163.4	74.3
160.4	69.5
164.4	64.0
161.4	66.0
159.4	66.0
168.4	65.8
158.4	64.8
160.4	73.2
165.4	67.5
158.4	60.5
163.4	67.8
152.4	70.8
162.4	62.3
152.4	65.5
159.4	66.0
161.4	63.8
158.4	62.5
161.4	73.8
158.4	65.3
157.4	60.8
165.4	66.0
158.4	72.8
163.4	68.0
159.4	74.0
154.4	60.0
158.4	69.5
161.4	73.5
162.4	64.5
151.4	60.5
149.4	69.0
160.4	69.2
156.4	73.6
149.4	63.3
157.4	70.5
153.4	65.0
152.4	63.5
145.4	62.7
154.4	60.0
161.4	69.0
153.4	64.0
156.4	63.2
154.4	69.0
153.4	65.0
162.4	69.0
156.4	69.0
153.4	63.0
162.4	73.0
159.4	67.0
147.4	71.5
159.4	69.0
154.4	63.0
161.4	62.0
158.4	65.0
156.4	68.0
160.4	71.0
160.4	64.0
161.4	64.0
172.4	71.0
162.4	64.0
164.4	70.0
160.4	70.0
163.4	66.0
156.4	65.0
158.4	67.0
158.4	70.0
150.4	71.0
151.4	71.0
154.4	66.0
161.4	68.0
157.4	65.5
153.4	64.5
149.4	60.5
159.4	63.0
167.4	65.3
166.4	66.0
157.4	62.8
156.4	64.7
167.4	68.2
164.4	60.0
163.4	63.7
161.4	71.2
163.4	62.8
152.4	62.8
161.4	68.9
149.4	60.5
161.4	69.5
157.4	65.9
165.4	69.8
158.4	65.8
152.4	71.4
157.4	65.6
159.4	66.2
157.4	69.4
159.4	63.0
151.4	65.0
162.4	72.2
158.4	64.0
158.4	64.5
165.4	65.7
158.4	61.4
158.4	67.4
159.4	68.5
152.4	70.5
171.4	70.0
162.4	66.7
157.4	67.0
158.4	65.5
158.4	66.6
156.4	69.0
160.4	62.0
161.4	64.0
162.4	64.5
159.4	69.0
156.4	66.0
149.4	70.0
156.4	71.0
159.4	66.0
160.4	68.5
170.4	66.0
166.4	65.0
163.4	61.5
155.4	65.5
151.4	66.4
167.4	67.4
160.4	66.9
151.4	62.0
155.4	62.2
157.4	70.0
158.4	58.0
150.4	68.5
152.4	88.5
166.4	68.6
177.4	66.4
154.4	56.8
152.4	65.5
163.4	67.8
164.4	69.0
157.4	68.2
148.4	65.8
153.4	68.2
159.4	68.0
168.4	67.5
159.4	64.8
147.4	65.4
160.4	65.7
151.4	77.0
160.4	60.0
162.4	72.0
160.4	63.0
145.4	63.5
160.4	65.5
164.4	62.5
166.4	67.0
164.4	65.5
153.4	65.3
156.4	70.2
161.4	64.3
162.4	68.0
158.4	67.7
153.4	64.5
163.4	66.0
149.4	61.5
165.4	63.2
146.4	65.4
161.4	61.5
169.4	75.0
161.4	66.5
165.4	71.0
171.4	75.0
154.4	66.0
162.4	74.0
164.4	62.8
164.4	59.6
151.4	61.0
164.4	64.0
163.4	69.3
154.4	66.7
152.4	66.0
149.4	69.2
159.4	66.0
154.4	63.5
157.4	68.5
151.4	64.0
154.4	65.5
162.4	65.0
149.4	66.0
165.4	69.0
164.4	67.0
158.4	65.0
153.4	61.0
160.4	69.0
151.4	61.5
160.4	66.5
157.4	74.0
173.4	70.3
160.4	66.0
158.4	62.7
154.4	62.8
162.4	67.8
158.4	69.0
154.4	62.5
159.4	65.0
154.4	56.5
159.4	62.0
157.4	63.0
163.4	71.0
154.4	63.0
170.4	76.5
160.4	68.5
167.4	69.0
157.4	67.8
163.4	67.7
149.4	70.0
167.4	65.0
161.4	72.5
159.4	67.2
167.4	63.0
152.4	70.0
150.4	67.0
150.4	65.0
161.4	70.3
152.4	61.0
157.4	70.8
159.4	65.0
158.4	67.5
160.4	61.0
158.4	67.0
162.4	63.0
166.4	67.0
172.4	70.0
156.4	66.2
169.4	66.2
165.4	66.0
169.4	66.5
166.4	62.0
160.4	88.0
164.4	70.2
162.4	64.0
163.4	59.2
154.4	66.0
158.4	61.3
165.4	67.5
161.4	61.5
153.4	62.0
166.4	66.0
162.4	64.8
159.4	63.8
154.4	62.2
166.4	76.4
161.4	70.5
146.4	56.3
156.4	64.6
150.4	59.5
155.4	68.0
148.4	59.5
155.4	59.0
155.4	65.3
158.4	71.5
158.4	57.5
151.4	63.0
155.4	67.0
166.4	68.0
167.4	67.0
148.4	63.0
159.4	71.0
150.4	60.5
160.4	64.0
156.4	59.5
154.4	58.0
165.4	73.5
153.4	62.5
157.4	63.0
162.4	67.0
154.4	65.5
159.4	63.0
161.4	67.0
158.4	64.2
163.4	68.5
161.4	63.2
165.4	63.5
168.4	73.2
162.4	68.7
166.4	62.8
160.4	68.8
152.4	56.2
160.4	70.8
160.4	68.5
153.4	66.0
155.4	58.0
161.4	72.0
157.4	60.0
160.4	61.0
158.4	64.5
169.4	81.0
163.4	70.5
155.4	67.5
154.4	64.8
156.4	69.0
153.4	62.5
162.4	65.0
146.4	58.5
153.4	70.0
162.4	72.0
154.4	57.8
153.4	61.5
153.4	63.0
168.4	65.5
161.4	60.8
167.4	63.8
166.4	67.8
154.4	67.4
176.4	62.5
160.4	69.5
152.4	67.5
160.4	68.2
162.4	69.0
162.4	61.0
163.4	77.0
158.4	74.4
164.4	69.0
157.4	64.2
171.4	70.0
158.4	67.0
145.4	63.5
162.4	67.0
164.4	67.5
156.4	74.0
158.4	68.0
154.4	67.5
167.4	64.0
150.4	60.5
161.4	68.0
151.4	68.0
153.4	65.0
170.4	69.0
147.4	64.0
157.4	64.0
160.4	66.0
152.4	62.5
165.4	61.5
149.4	63.5
148.4	69.3
169.4	69.2
165.4	78.4
167.4	60.7
159.4	68.6
161.4	62.0
151.4	61.5
160.4	70.0
164.4	66.0
159.4	73.3
155.4	66.0
158.4	67.0
158.4	66.8
152.4	57.8
166.4	60.8
168.4	67.0
155.4	59.8
156.4	77.5
152.4	67.8
160.4	68.0
158.4	59.5
158.4	66.1
164.4	66.4
154.4	82.5
169.4	63.5
159.4	78.8
162.4	61.5
166.4	62.5
156.4	63.5
164.4	74.0
153.4	75.5
169.4	61.0
152.4	64.5
169.4	72.0
161.4	85.0
161.4	65.0
159.4	64.0
163.4	82.0
160.4	78.0
165.4	85.0
160.4	68.0
156.4	68.0
158.4	68.2
171.4	73.4
165.4	70.4
157.4	64.5
170.4	74.7
162.4	65.5
169.4	79.5
156.4	62.5
163.4	67.0
165.4	82.9
156.4	63.7
164.4	64.8
164.4	71.0
165.4	65.0
158.4	64.0
174.4	68.0
157.4	66.0
172.4	62.0
161.4	73.2
157.4	77.2
147.4	65.8
147.4	64.7
153.4	67.0
158.4	63.8
165.4	62.3
164.4	67.0
162.4	76.0
157.4	86.3
161.4	69.7
172.4	74.4
163.4	72.0
154.4	61.0
154.4	81.0
162.4	61.0
158.4	69.5
172.4	69.0
165.4	67.0
159.4	74.9
170.4	71.5
167.4	64.0
162.4	78.5
150.4	64.5
161.4	61.5
165.4	72.5
159.4	77.5
154.4	66.2
