# Anthropometric measurements of military personnel in South Vietnam, recorded
# in the 1963 anthropometric survey described in R M White's 1964 ARPA report
# "Anthropometric Survey of the Armed Forces of the Republic of Vietnam"
# (DTIC no. AD 457 939).
# http://oai.dtic.mil/oai/oai?verb=getRecord&metadataPrefix=html&identifier=AD0457939
#
# Data originally downloaded from
#	http://www.dtic.mil/dticasd/docs-a/anthro_other_military.html
# circa 2009, but that URL is now defunct (gives a 404 error).
#
# This file omits 26 subjects of the original 2129 because those subjects
# had their age or a measurement missing.
#
# SUBJ_NUM = subject identifier
#            (the first digit appears to identify the subsample of personnel:
#             1 = Navy in Saigon
#             2 = Marines in Saigon
#             3 = Air Force in Saigon
#             4 = Army, Airbone Brig. in Saigon
#             5 = Army, 5th Inf. Div. in Bien Hoa
#             6 = Army, Basic Trainees in Quang Trung
#             7 = Army, 7th Inf. Div. in My Tho)
# AGE = age (years)
# WEIGHT = body mass (kg)
# STATURE = standing height, from floor to top of head (cm)
# SITTING_HT = sitting height, from top of seat to top of head (cm)
# KNEE_HT = knee height, from footrest surface to top of right knee (cm)
# WAIST_CIRC = waist circumference at navel, with relaxed abdomen (cm)
# HIP_CIRC = hip/buttock circumference where buttocks protrude most (cm)
SUBJ_NUM	AGE	WEIGHT	STATURE	SITTING_HT	KNEE_HT	WAIST_CIRC	HIP_CIRC
1001	40.5	52	161.4	82.0	52.3	70.0	82.4
1002	39.5	52	161.4	86.0	53.1	67.0	85.4
1003	22.5	50	164.4	86.1	49.0	63.0	83.4
1004	27.5	48	159.4	84.2	48.2	67.0	84.4
1005	36.5	64	166.4	87.2	54.2	80.0	91.4
1006	22.5	70	160.4	84.9	50.0	81.0	97.4
1007	22.5	55	157.4	81.4	51.8	69.0	84.4
1008	21.5	52	166.4	91.7	52.6	65.5	81.4
1009	27.5	52	161.4	86.5	50.7	68.0	83.4
1010	30.5	69	168.4	90.6	52.6	81.0	93.4
1011	22.5	49	158.4	82.9	50.9	64.0	79.4
1012	23.5	42	152.4	80.6	50.0	61.5	76.4
1013	28.5	50	151.4	77.9	43.6	75.0	83.4
1014	33.5	47	158.4	79.5	47.0	66.0	78.4
1015	24.5	57	161.4	88.5	51.5	71.0	85.4
1016	21.5	42	155.4	81.0	49.0	63.5	79.4
1017	20.5	50	168.4	89.5	50.1	61.5	80.4
1018	23.5	53	166.4	85.9	50.0	71.0	85.4
1019	20.5	53	160.4	85.7	49.0	70.0	86.4
1020	27.5	51	158.4	81.6	48.2	69.0	83.4
1021	25.5	45	155.4	86.5	46.0	61.5	79.4
1022	29.5	65	163.4	91.4	49.5	79.5	92.4
1023	25.5	50	158.4	85.7	48.4	66.0	82.4
1024	23.5	45	156.4	80.8	46.8	64.0	77.4
1025	26.5	50	159.4	82.9	47.4	70.0	83.4
1026	20.5	46	156.4	82.5	47.0	61.0	78.4
1027	31.5	46	153.4	82.2	45.6	68.5	79.4
1028	21.5	49	163.4	87.1	49.9	61.5	77.4
1029	20.5	54	168.4	87.7	50.7	69.5	84.4
1030	21.5	51	159.4	84.9	48.2	66.0	83.4
1031	20.5	54	162.4	91.1	49.5	68.5	85.4
1032	22.5	43	155.4	84.9	45.6	64.0	78.4
1033	30.5	37	146.4	78.5	43.5	57.5	74.4
1034	19.5	49	166.4	86.8	51.4	68.0	78.4
1035	25.5	44	150.4	83.5	44.0	63.0	75.4
1036	25.5	42	161.4	85.5	48.0	57.5	72.4
1037	26.5	49	162.4	89.0	48.6	66.0	81.4
1038	32.5	51	159.4	85.9	47.3	68.0	78.4
1039	20.5	42	153.4	80.0	47.4	64.0	77.4
1040	32.5	48	157.4	81.5	48.5	68.0	84.4
1041	25.5	46	155.4	81.2	46.6	66.5	78.4
1042	25.5	43	161.4	86.5	48.9	66.5	78.4
1043	29.5	54	169.4	89.8	51.9	67.5	83.4
1044	22.5	47	164.4	90.0	46.0	64.5	81.4
1045	26.5	51	163.4	84.4	46.0	67.0	81.4
1046	22.5	53	153.4	81.0	45.4	69.5	83.4
1047	25.5	54	161.4	86.0	46.0	67.5	85.4
1048	21.5	46	164.4	89.3	47.3	58.7	80.4
1049	29.5	64	165.4	91.1	46.4	80.3	92.4
1050	28.5	47	167.4	91.6	49.8	62.8	83.4
1051	27.5	41	156.4	84.4	44.9	60.5	77.4
1052	22.5	46	159.4	87.9	45.0	66.0	79.4
1053	23.5	47	156.4	83.6	44.9	66.5	83.4
1054	34.5	47	156.4	82.9	46.6	63.5	87.4
1055	30.5	47	159.4	84.7	47.4	65.2	80.4
1056	23.5	53	166.4	82.6	48.9	68.0	85.4
1057	28.5	57	167.4	84.6	46.6	73.5	88.4
1058	20.5	42	155.4	77.3	46.8	60.1	77.4
1059	23.5	56	166.4	85.0	45.6	68.2	85.4
1060	30.5	47	155.4	86.0	44.9	67.0	82.4
1061	21.5	55	168.4	91.5	50.5	67.8	86.4
1062	23.5	45	161.4	86.2	46.8	65.7	79.4
1063	19.5	51	159.4	82.5	48.4	69.0	80.4
1064	22.5	47	148.4	79.7	45.4	65.0	77.4
1065	20.5	46	158.4	85.0	48.2	64.0	82.4
1066	19.5	47	160.4	86.3	47.6	67.6	82.4
1067	25.5	41	153.4	80.1	44.9	63.2	73.4
1068	21.5	41	157.4	85.4	45.6	56.0	76.4
1069	21.5	52	157.4	84.6	49.3	71.5	82.4
1070	19.5	53	163.4	86.1	48.9	68.5	85.4
1071	18.5	50	160.4	88.1	46.2	65.2	81.4
1072	19.5	52	161.4	84.7	48.7	69.0	84.4
1073	19.5	50	156.4	83.4	47.3	77.6	82.4
1074	22.5	45	154.4	78.0	45.8	62.8	81.4
1075	19.5	53	155.4	82.5	48.5	68.5	84.4
1076	22.5	56	164.4	83.9	49.8	70.1	87.4
1077	20.5	47	158.4	84.5	47.8	67.0	80.4
1078	21.5	56	164.4	89.5	49.7	71.3	85.4
1079	31.5	48	169.4	93.3	47.4	64.5	80.4
1080	35.5	46	157.4	83.5	46.8	63.0	80.4
1081	22.5	46	159.4	84.5	47.5	62.5	78.4
1082	19.5	44	161.4	84.6	47.5	57.0	75.4
1083	30.5	45	164.4	85.3	48.5	63.6	79.4
1084	27.5	49	157.4	80.7	45.2	73.0	82.4
1085	30.5	43	161.4	87.5	48.5	62.5	79.4
1086	21.5	54	161.4	85.7	47.5	66.5	83.4
1087	26.5	51	159.4	84.0	48.6	70.0	84.4
1088	32.5	50	158.4	80.7	43.5	68.0	82.4
1089	23.5	52	168.4	89.4	51.2	67.2	81.4
1090	23.5	47	162.4	79.5	49.3	67.0	78.4
1091	23.5	46	165.4	89.3	45.3	68.5	79.4
1092	32.5	61	162.4	91.4	45.7	73.1	89.4
1093	20.5	49	156.4	84.4	44.7	69.5	81.4
1094	19.5	44	160.4	84.5	46.5	63.0	78.4
1095	23.5	48	161.4	82.8	49.6	64.0	83.4
1096	23.5	46	161.4	85.5	49.2	62.0	80.4
1097	23.5	49	166.4	82.5	50.2	66.0	79.4
1098	21.5	54	161.4	85.3	45.4	68.0	84.4
1099	21.5	49	163.4	86.6	42.3	67.3	81.4
1100	20.5	39	152.4	80.5	43.9	62.0	77.4
1101	29.5	41	155.4	81.0	45.7	63.0	75.4
1102	21.5	45	160.4	85.9	46.5	70.0	78.4
1103	20.5	49	158.4	83.9	41.9	62.0	80.4
1104	28.5	50	163.4	90.6	45.7	68.5	80.4
1105	20.5	53	161.4	83.5	45.5	71.0	84.4
1106	27.5	52	162.4	88.6	47.5	72.5	84.4
1107	24.5	45	157.4	85.6	47.5	61.0	79.4
1108	23.5	55	156.4	83.6	46.7	68.0	85.4
1109	22.5	51	152.4	80.7	44.6	68.4	82.4
1110	29.5	47	158.4	84.4	47.8	64.5	78.4
1111	22.5	49	159.4	83.5	47.6	67.0	80.4
1112	36.5	50	156.4	85.1	46.3	71.6	84.4
1113	20.5	51	162.4	85.7	48.5	67.0	85.4
1114	26.5	41	150.4	77.5	43.8	65.0	75.4
1115	23.5	45	160.4	85.5	48.5	64.0	78.4
1116	26.5	51	163.4	86.5	46.7	69.2	81.4
1117	30.5	44	154.4	82.5	44.8	63.5	75.4
1118	26.5	55	165.4	90.2	48.9	67.0	81.4
1119	22.5	47	162.4	86.2	48.5	64.0	79.4
1120	25.5	48	160.4	86.8	46.6	62.5	79.4
1121	23.5	44	161.4	85.8	47.5	68.5	82.4
1122	21.5	45	158.4	88.5	44.6	64.0	78.4
1123	24.5	48	165.4	87.6	48.3	64.5	80.4
1124	32.5	51	157.4	82.5	44.5	69.5	83.4
1125	19.5	44	160.4	85.5	47.0	63.5	77.4
1126	23.5	47	160.4	83.5	46.8	67.5	76.4
1127	27.5	44	156.4	83.0	48.3	61.5	77.4
1128	28.5	60	157.4	89.5	43.5	77.0	88.4
1129	29.5	47	160.4	83.5	48.5	63.5	78.4
1130	23.5	49	159.4	85.5	47.5	66.5	82.4
1131	22.5	45	156.4	85.5	45.5	63.3	79.4
1132	22.5	54	173.4	88.0	51.0	70.5	82.4
1133	21.5	47	157.4	82.5	48.2	65.5	78.4
1134	23.5	57	159.4	86.2	48.5	75.7	85.4
1135	35.5	63	162.4	88.6	47.5	78.0	88.4
1136	29.5	52	166.4	92.0	49.5	71.4	83.4
1137	23.5	54	164.4	87.0	50.3	67.3	84.4
1138	22.5	50	154.4	81.3	46.6	67.0	83.4
1139	22.5	49	165.4	88.6	50.5	61.0	82.4
1140	20.5	49	156.4	82.8	47.5	59.5	78.4
1141	22.5	49	154.4	82.6	47.4	65.5	82.4
1142	27.5	44	160.4	87.5	46.3	65.5	76.4
1143	25.5	54	167.4	90.6	50.0	64.5	83.4
1144	22.5	54	161.4	83.2	48.1	68.5	83.4
1145	21.5	50	161.4	86.7	47.5	65.0	78.4
1146	21.5	55	164.4	88.0	48.3	70.0	83.4
1147	26.5	49	162.4	83.3	48.5	68.0	81.4
1148	22.5	51	164.4	86.5	50.5	64.5	82.4
1149	28.5	49	156.4	89.4	48.5	66.0	78.4
1150	22.5	51	171.4	89.5	53.4	68.0	80.4
1151	22.5	55	169.4	90.0	51.0	68.0	86.4
1152	27.5	45	163.4	89.0	45.7	62.0	78.4
1153	23.5	44	158.4	89.6	47.0	61.0	76.4
1154	32.5	44	160.4	85.5	48.5	59.0	76.4
1155	28.5	57	174.4	90.6	53.8	66.5	87.4
1156	34.5	55	160.4	84.7	50.3	78.5	89.4
1157	21.5	49	167.4	88.5	52.6	62.1	81.4
1158	27.5	54	158.4	86.4	46.3	75.0	88.4
1159	26.5	49	166.4	83.8	49.1	64.5	82.4
1160	21.5	57	176.4	91.0	52.5	67.3	85.4
1161	22.5	49	163.4	88.0	50.6	60.2	83.4
1162	22.5	53	161.4	88.5	49.7	65.0	84.4
1163	22.5	51	165.4	86.0	50.5	66.5	83.4
1164	22.5	53	169.4	90.5	50.6	69.0	82.4
1165	22.5	60	165.4	87.5	50.3	65.5	83.4
1166	22.5	54	163.4	90.1	47.5	64.5	82.4
1167	21.5	47	156.4	84.0	47.1	67.0	79.4
1168	22.5	51	160.4	86.3	47.4	63.0	83.4
1169	22.5	55	159.4	84.0	50.0	74.0	85.4
1170	22.5	49	156.4	83.4	46.6	65.0	81.4
1171	23.5	50	162.4	89.3	48.5	65.5	82.4
1172	24.5	52	161.4	87.5	49.0	65.5	81.4
1173	22.5	45	159.4	86.1	48.6	63.0	77.4
1174	22.5	50	159.4	87.8	47.0	63.0	79.4
1175	21.5	48	158.4	83.6	48.5	68.3	80.4
1176	21.5	52	161.4	86.0	49.6	66.5	82.4
1177	23.5	54	166.4	87.0	53.0	67.0	80.4
1178	21.5	44	158.4	81.5	48.5	62.0	77.4
1179	21.5	56	166.4	90.3	52.0	69.7	82.4
1180	23.5	47	156.4	84.0	47.0	62.0	79.4
1181	22.5	55	163.4	90.0	49.5	73.5	87.4
1182	23.5	49	164.4	87.7	50.0	65.5	80.4
1183	22.5	49	156.4	82.6	48.1	62.5	83.4
1184	23.5	47	163.4	88.0	49.5	64.0	83.4
1185	24.5	47	152.4	80.0	47.5	67.8	79.4
1186	23.5	45	156.4	81.1	48.0	71.0	78.4
1187	33.5	45	167.4	86.1	50.6	62.5	79.4
1188	40.5	47	157.4	82.7	47.3	62.8	77.4
1189	47.5	42	151.4	83.4	45.6	66.0	75.4
1190	25.5	46	161.4	86.5	49.0	63.5	79.4
1191	21.5	57	166.4	89.5	51.0	71.5	75.4
1192	22.5	52	162.4	87.0	49.7	66.9	80.4
1193	28.5	49	155.4	85.8	47.3	67.0	75.4
1194	21.5	55	158.4	82.7	47.3	72.0	87.4
1195	20.5	59	177.4	92.4	51.5	69.0	85.4
1196	38.5	43	157.4	86.8	45.5	64.0	78.4
1197	23.5	56	160.4	85.5	49.5	74.5	84.4
1198	26.5	52	160.4	85.5	48.5	71.5	84.4
1199	22.5	45	152.4	82.3	46.5	65.5	78.4
1200	23.5	50	157.4	84.5	49.0	69.0	83.4
1201	21.5	52	157.4	81.3	49.4	62.5	82.4
1202	27.5	44	157.4	84.8	47.0	65.0	80.4
1203	24.5	54	161.4	87.0	48.0	67.0	82.4
1204	31.5	46	161.4	83.5	49.3	61.0	78.4
1205	29.5	47	151.4	83.1	44.9	65.2	81.4
1206	28.5	58	161.4	87.7	49.3	76.2	88.4
1207	22.5	49	160.4	86.9	47.2	63.2	83.4
1208	31.5	51	162.4	87.5	47.9	65.5	82.4
1209	20.5	50	158.4	85.0	48.0	64.2	79.4
1210	23.5	48	157.4	85.7	46.0	63.8	82.4
1211	28.5	53	163.4	84.8	49.6	67.1	82.4
1212	23.5	57	167.4	89.9	50.0	68.7	87.4
1213	22.5	65	164.4	87.5	50.3	74.5	87.4
1214	21.5	45	162.4	83.6	48.1	65.0	78.4
1215	24.5	47	159.4	86.2	46.9	68.5	79.4
1216	22.5	46	161.4	86.4	46.8	64.8	80.4
1217	25.5	45	155.4	83.9	47.0	64.7	77.4
1218	31.5	47	152.4	84.2	43.7	66.3	80.4
1219	21.5	48	158.4	85.0	46.5	65.5	80.4
1220	21.5	65	164.4	85.7	50.8	72.0	85.4
1221	26.5	60	165.4	88.5	49.0	69.0	84.4
1222	28.5	43	154.4	81.7	46.4	68.7	78.4
1223	22.5	65	166.4	90.5	49.9	67.0	87.4
1224	20.5	52	159.4	85.7	47.0	62.5	78.4
1225	22.5	49	162.4	85.0	50.1	65.0	80.4
1226	32.5	64	176.4	87.5	55.3	71.0	87.4
1227	29.5	48	152.4	80.5	45.4	68.2	81.4
1228	21.5	50	168.4	87.5	50.9	65.8	78.4
1229	27.5	46	160.4	86.5	46.8	65.3	79.4
1230	29.5	64	162.4	86.5	49.5	68.0	83.4
1231	25.5	48	160.4	83.3	47.7	61.0	83.4
1232	29.5	51	160.4	83.0	47.4	65.8	83.4
1233	40.5	51	165.4	86.0	50.6	64.8	79.4
1234	22.5	55	163.4	86.2	46.9	71.0	85.4
1235	23.5	45	158.4	84.5	47.0	60.3	78.4
1236	22.5	52	158.4	84.5	46.7	69.2	86.4
1237	23.5	49	160.4	87.3	48.0	62.4	80.4
1238	29.5	50	155.4	81.7	47.5	76.3	80.4
1239	35.5	47	156.4	84.5	46.0	67.5	79.4
1240	21.5	45	158.4	83.0	47.4	65.5	82.4
1241	24.5	58	166.4	89.3	50.7	69.5	85.4
1242	22.5	57	168.4	89.0	51.4	68.6	82.4
1243	21.5	55	163.4	84.0	49.4	69.2	84.4
1244	20.5	53	162.4	86.0	48.5	66.2	82.4
1245	22.5	55	162.4	87.0	51.4	67.0	83.4
1246	21.5	51	168.4	89.5	50.2	68.0	80.4
1247	26.5	40	154.4	84.0	44.7	64.5	72.4
1248	21.5	49	158.4	86.0	46.8	64.5	82.4
1249	23.5	54	161.4	90.0	47.5	64.0	83.4
1250	20.5	50	156.4	81.8	47.5	68.5	81.4
1251	20.5	53	157.4	85.0	47.6	70.0	83.4
1253	24.5	50	159.4	86.6	48.3	66.5	82.4
1254	20.5	54	165.4	83.6	52.0	67.3	82.4
1255	23.5	46	159.4	86.7	46.8	62.5	79.4
1256	26.5	44	160.4	84.4	48.1	59.5	78.4
1257	30.5	44	158.4	85.7	47.5	63.7	76.4
1258	21.5	55	167.4	89.5	49.3	68.0	86.4
1259	22.5	54	162.4	84.5	49.5	69.5	84.4
1260	30.5	65	175.4	91.7	49.4	77.0	90.4
1261	29.5	42	156.4	85.4	46.2	59.0	75.4
1262	29.5	56	160.4	87.8	47.5	68.7	83.4
1263	22.5	50	155.4	84.5	48.9	66.0	81.4
1264	28.5	66	157.4	81.4	49.0	86.7	97.4
1265	22.5	44	161.4	86.0	48.0	60.7	81.4
1266	24.5	48	164.4	88.5	50.0	67.2	79.4
1267	24.5	43	152.4	80.7	45.1	62.2	80.4
1268	23.5	46	158.4	85.0	48.1	68.0	81.4
1269	20.5	52	166.4	84.5	50.8	65.4	81.4
1270	23.5	47	154.4	81.7	48.1	67.5	78.4
1271	21.5	45	162.4	84.1	49.5	60.0	78.4
1272	24.5	47	163.4	86.9	49.9	64.5	78.4
1273	23.5	51	159.4	85.7	48.5	67.0	83.4
1274	22.5	49	163.4	86.5	50.0	64.0	79.4
1275	21.5	55	162.4	85.5	49.1	64.5	83.4
1276	40.5	43	158.4	82.0	48.5	60.0	78.4
1277	22.5	43	158.4	87.2	47.0	60.0	73.4
1278	24.5	51	162.4	86.2	49.3	66.3	82.4
1279	21.5	47	156.4	84.9	46.6	66.1	78.4
1280	27.5	50	166.4	87.4	48.6	64.3	81.4
1281	27.5	49	154.4	83.1	44.8	68.0	82.4
1282	24.5	49	166.4	88.9	48.9	66.0	81.4
1283	28.5	54	161.4	86.8	48.9	73.0	86.4
1284	20.5	50	165.4	84.2	50.6	66.2	81.4
1285	26.5	49	159.4	81.5	49.5	66.0	81.4
1286	22.5	51	166.4	84.5	50.4	66.2	80.4
1287	21.5	46	155.4	80.0	47.0	64.5	78.4
1288	24.5	53	158.4	89.0	46.6	66.5	85.4
1289	20.5	54	170.4	87.8	51.8	67.0	84.4
1290	32.5	45	157.4	83.5	48.5	63.0	79.4
1291	20.5	55	163.4	86.0	50.0	68.0	87.4
1292	20.5	55	161.4	83.8	50.0	65.5	82.4
1293	21.5	54	159.4	85.0	45.8	66.0	84.4
1294	26.5	44	161.4	80.5	50.2	60.5	74.4
1295	22.5	47	164.4	86.8	49.5	79.0	76.4
1296	20.5	56	164.4	89.3	47.8	70.0	85.4
1297	22.5	58	164.4	85.8	50.0	66.0	88.4
1298	22.5	53	170.4	88.5	50.5	66.5	85.4
1299	22.5	49	166.4	88.9	50.8	64.5	79.4
2001	29.5	50	171.4	95.5	50.0	67.8	82.4
2002	20.5	53	163.4	86.6	50.3	71.0	85.4
2003	21.5	56	162.4	89.5	47.9	65.5	87.4
2004	22.5	56	166.4	88.6	51.4	72.2	84.4
2005	20.5	49	159.4	84.5	46.0	64.2	81.4
2006	22.5	52	163.4	88.8	49.4	69.3	84.4
2007	22.5	60	165.4	89.0	48.9	71.7	88.4
2008	25.5	54	160.4	86.0	49.0	68.5	85.4
2009	22.5	61	170.4	91.0	51.3	75.9	89.4
2010	23.5	52	166.4	86.0	47.4	70.0	82.4
2011	21.5	44	162.4	88.5	48.5	60.7	75.4
2012	24.5	59	165.4	87.5	50.6	72.5	90.4
2013	23.5	53	165.4	88.5	50.1	67.2	83.4
2014	19.5	51	163.4	89.0	48.5	66.0	82.4
2015	22.5	49	164.4	87.0	50.4	62.0	79.4
2016	22.5	66	167.4	89.0	52.0	77.0	90.4
2017	22.5	50	161.4	86.5	49.0	73.2	87.4
2018	40.5	46	161.4	87.0	49.5	63.2	77.4
2020	21.5	49	161.4	87.4	48.1	62.0	75.4
2021	33.5	51	162.4	82.5	48.5	64.5	82.4
2022	39.5	70	164.4	87.0	50.3	85.8	96.4
2023	19.5	51	169.4	88.0	52.7	67.0	82.4
2024	24.5	45	157.4	85.1	46.8	64.0	78.4
2025	21.5	45	151.4	81.5	45.5	62.0	78.4
2026	19.5	47	159.4	86.0	48.4	63.2	78.4
2027	23.5	51	153.4	82.5	45.4	71.2	84.4
2028	19.5	50	159.4	84.7	47.0	64.0	80.4
2029	20.5	50	162.4	87.5	48.7	64.7	80.4
2030	22.5	48	166.4	86.2	50.0	60.5	79.4
2031	19.5	56	166.4	86.7	50.3	71.8	83.4
2032	20.5	41	161.4	87.0	46.8	59.5	75.4
2033	21.5	49	161.4	88.0	47.2	60.0	81.4
2034	46.5	60	155.4	82.1	48.7	82.5	89.4
2035	30.5	53	167.4	89.0	49.1	63.0	84.4
2036	23.5	50	171.4	90.0	52.0	64.0	81.4
2037	27.5	57	158.4	87.0	48.0	69.2	87.4
2038	26.5	48	162.4	86.5	47.7	63.0	79.4
2039	39.5	40	159.4	86.0	47.1	57.0	75.4
2040	22.5	43	154.4	83.0	43.5	58.5	78.4
2041	21.5	44	152.4	84.5	43.0	57.5	78.4
2042	24.5	54	162.4	86.8	49.5	69.5	83.4
2043	23.5	47	156.4	82.8	45.5	66.0	82.4
2044	22.5	55	169.4	90.5	52.4	65.5	85.4
2045	26.5	45	151.4	83.0	43.8	66.5	79.4
2046	22.5	50	166.4	88.0	49.5	63.5	81.4
2047	21.5	45	154.4	80.5	45.5	59.5	79.4
2048	21.5	55	163.4	88.0	47.2	68.0	81.4
2049	27.5	52	168.4	89.7	50.4	67.0	82.4
2050	22.5	55	168.4	85.3	52.3	63.5	84.4
2051	28.5	44	161.4	82.4	49.3	64.0	75.4
2052	25.5	45	151.4	75.2	45.8	66.0	82.4
2054	22.5	43	156.4	81.6	46.7	60.0	77.4
2055	21.5	52	157.4	84.0	48.0	71.0	84.4
2056	22.5	55	164.4	84.5	50.5	68.0	82.4
2057	21.5	59	162.4	85.0	50.5	72.0	90.4
2058	30.5	46	156.4	83.6	46.6	61.0	80.4
2059	23.5	45	161.4	82.1	48.8	66.0	75.4
2060	22.5	61	172.4	88.3	53.4	73.9	90.4
2061	26.5	51	161.4	84.5	47.0	68.0	80.4
2062	34.5	47	155.4	83.8	46.5	62.5	83.4
2063	25.5	51	159.4	82.6	48.0	68.0	80.4
2064	21.5	49	161.4	87.5	50.5	63.0	81.4
2065	22.5	52	170.4	91.7	51.9	72.0	85.4
2066	24.5	49	160.4	86.1	49.2	67.0	83.4
2067	33.5	54	162.4	86.5	50.7	64.0	83.4
2068	21.5	46	156.4	83.0	46.0	66.0	81.4
2069	33.5	54	158.4	85.3	46.6	69.9	83.4
2070	25.5	55	164.4	87.5	49.5	68.0	84.4
2071	24.5	61	168.4	86.6	51.0	68.0	87.4
2072	24.5	49	158.4	85.6	45.0	62.9	80.4
2073	22.5	54	163.4	87.2	50.0	70.0	82.4
2074	23.5	53	162.4	89.0	46.8	65.2	80.4
2075	23.5	58	166.4	88.5	48.5	72.5	85.4
2076	25.5	45	161.4	90.0	45.5	61.5	77.4
2077	23.5	52	164.4	88.0	48.5	70.0	81.4
2078	19.5	46	159.4	88.0	47.0	60.5	79.4
2079	27.5	44	157.4	86.5	45.0	61.0	75.4
2080	23.5	55	167.4	89.4	48.5	68.0	83.4
2081	23.5	55	168.4	86.5	52.5	67.0	83.4
2082	21.5	63	162.4	87.4	48.8	72.0	87.4
2083	28.5	49	150.4	84.0	46.0	63.0	80.4
2084	25.5	39	150.4	79.5	44.6	59.0	73.4
2085	20.5	51	165.4	89.0	50.5	61.5	82.4
2086	24.5	50	163.4	90.0	46.2	79.0	82.4
2087	22.5	53	166.4	92.5	46.8	67.0	83.4
2088	20.5	53	166.4	89.5	49.2	65.0	80.4
2089	29.5	42	161.4	89.2	45.0	58.0	76.4
2090	28.5	55	164.4	85.0	50.0	69.5	84.4
2091	23.5	49	151.4	81.0	46.0	68.5	83.4
2092	32.5	44	152.4	83.0	44.8	64.0	78.4
2093	38.5	57	168.4	89.5	50.0	66.5	81.4
2094	20.5	50	151.4	82.3	45.0	64.0	82.4
2095	23.5	45	149.4	78.5	45.5	66.0	77.4
2096	27.5	45	162.4	88.0	46.5	61.0	79.4
2097	43.5	54	160.4	86.0	47.8	67.5	84.4
2098	31.5	61	160.4	86.5	49.5	75.0	92.4
2099	43.5	53	155.4	83.0	45.5	78.0	85.4
2100	36.5	52	164.4	85.5	50.3	66.0	83.4
2101	45.5	48	156.4	80.3	48.3	64.0	80.4
2102	34.5	59	167.4	90.5	49.3	73.5	91.4
2103	32.5	50	171.4	85.5	51.6	60.0	79.4
2104	26.5	50	166.4	87.5	52.0	66.5	82.4
2105	31.5	53	162.4	82.1	49.5	63.5	82.4
2106	26.5	55	169.4	89.3	50.5	69.5	86.4
2107	25.5	46	158.4	85.9	48.9	64.0	81.4
2108	25.5	48	155.4	78.0	47.5	69.0	78.4
2109	27.5	49	154.4	82.0	47.2	69.5	81.4
2110	24.5	49	165.4	85.5	49.8	65.0	81.4
2111	21.5	50	163.4	82.5	50.1	67.0	83.4
2112	21.5	50	160.4	82.9	48.5	70.0	84.4
2113	25.5	49	155.4	85.5	45.5	65.0	83.4
2114	26.5	54	156.4	81.3	47.5	71.8	84.4
2115	25.5	44	152.4	83.9	46.0	63.0	78.4
2116	20.5	59	162.4	88.5	48.5	71.5	86.4
2117	31.5	54	161.4	90.0	48.2	64.0	85.4
2118	22.5	60	168.4	91.0	51.4	72.0	88.4
2119	24.5	49	163.4	87.2	51.5	65.0	82.4
2120	22.5	49	165.4	85.5	50.3	68.5	83.4
2121	24.5	55	170.4	85.8	51.2	64.0	86.4
2122	21.5	50	164.4	84.8	51.8	67.1	82.4
2123	32.5	52	158.4	85.9	47.8	69.1	82.4
2124	20.5	44	152.4	79.6	45.5	64.0	77.4
2125	32.5	46	156.4	81.5	47.8	63.0	77.4
2126	23.5	43	155.4	83.4	47.5	61.8	75.4
2127	31.5	45	164.4	90.0	48.6	59.5	77.4
2128	32.5	58	164.4	90.5	51.0	70.0	83.4
2129	27.5	51	159.4	84.5	49.6	65.0	80.4
2130	27.5	55	172.4	94.6	52.5	65.5	80.4
2131	24.5	48	165.4	84.7	50.5	65.5	78.4
2132	37.5	48	155.4	84.0	45.6	63.0	82.4
2133	21.5	52	163.4	87.5	50.8	66.0	85.4
2134	24.5	53	164.4	88.6	49.1	65.5	84.4
2135	22.5	55	162.4	85.2	48.8	68.5	85.4
2136	22.5	46	155.4	85.0	46.5	65.0	79.4
2137	31.5	43	153.4	84.0	45.0	59.5	76.4
2138	25.5	49	157.4	84.0	46.8	66.0	82.4
2139	26.5	50	161.4	87.8	46.0	66.7	83.4
2140	29.5	53	158.4	83.0	49.0	66.0	81.4
2141	22.5	53	169.4	88.5	51.3	66.0	81.4
2142	29.5	54	153.4	80.7	47.7	74.3	87.4
2143	24.5	56	171.4	88.3	51.8	70.0	86.4
2144	21.5	62	166.4	85.0	50.9	75.5	90.4
2145	22.5	45	163.4	83.4	49.6	65.2	79.4
2146	22.5	46	160.4	86.0	49.4	66.0	80.4
2147	22.5	53	162.4	85.0	50.5	66.0	84.4
2148	33.5	59	155.4	87.5	46.7	78.0	89.4
2149	21.5	47	152.4	84.0	45.6	63.0	83.4
2150	33.5	49	166.4	87.5	47.4	68.2	82.4
2151	36.5	61	166.4	88.0	49.5	74.7	87.4
2152	39.5	43	157.4	85.0	45.9	58.0	77.4
2153	36.5	59	166.4	89.5	50.4	69.5	87.4
2154	24.5	50	156.4	83.1	48.5	67.2	82.4
2155	31.5	52	166.4	88.2	50.5	66.0	82.4
2156	22.5	61	166.4	89.8	51.8	73.0	90.4
2157	21.5	56	159.4	83.5	48.5	75.5	84.4
2158	26.5	45	148.4	80.0	44.1	64.9	80.4
2159	23.5	55	162.4	86.6	49.8	69.5	82.4
2160	22.5	59	166.4	87.8	51.0	70.5	85.4
2161	22.5	57	162.4	88.6	49.8	70.5	86.4
2162	25.5	57	169.4	92.5	51.2	71.0	80.4
2163	26.5	46	164.4	87.8	49.5	63.0	79.4
2164	26.5	52	168.4	92.0	52.0	68.0	80.4
2165	22.5	59	171.4	93.5	50.0	71.0	88.4
2166	22.5	60	165.4	87.0	52.0	74.0	84.4
2167	21.5	58	167.4	88.0	52.8	71.0	83.4
2168	23.5	46	154.4	81.5	47.5	66.0	80.4
2169	22.5	43	160.4	82.1	48.4	64.0	75.4
2170	22.5	49	152.4	83.8	45.3	67.2	80.4
2171	22.5	45	155.4	84.5	46.5	66.5	76.4
2172	30.5	47	168.4	88.4	49.3	63.5	81.4
2173	26.5	54	153.4	86.5	46.5	69.6	85.4
2174	36.5	62	168.4	91.0	50.8	73.5	89.4
2175	39.5	51	159.4	85.0	49.0	61.5	81.4
2177	29.5	52	169.4	90.5	49.7	64.4	82.4
2178	35.5	59	168.4	86.0	54.3	72.3	83.4
2179	25.5	50	152.4	83.5	45.0	71.2	79.4
2180	26.5	47	153.4	81.0	45.3	68.7	81.4
2181	21.5	53	162.4	86.0	50.6	66.7	82.4
2183	23.5	58	172.4	90.0	52.7	73.2	84.4
2184	22.5	51	166.4	91.0	49.0	66.4	81.4
2185	35.5	55	165.4	85.0	51.0	70.8	81.4
2186	23.5	51	161.4	89.0	47.7	66.0	79.4
2187	30.5	51	157.4	87.0	46.6	72.8	82.4
2188	33.5	55	170.4	87.2	52.6	64.5	83.4
2189	20.5	47	159.4	81.7	48.5	64.5	78.4
2190	22.5	55	165.4	84.2	51.9	72.5	85.4
2191	25.5	52	164.4	81.2	50.2	70.0	84.4
2192	24.5	50	162.4	87.4	48.3	63.0	83.4
2193	33.5	70	167.4	89.3	50.3	86.0	97.4
2194	23.5	41	159.4	84.4	46.6	60.0	78.4
2195	24.5	52	169.4	88.8	50.4	68.0	83.4
2196	20.5	46	162.4	85.2	50.3	61.5	80.4
2197	27.5	42	152.4	85.1	46.6	63.5	77.4
2198	22.5	54	166.4	89.9	49.5	68.6	85.4
2199	26.5	63	171.4	90.3	50.7	70.8	86.4
2200	23.5	44	153.4	82.3	46.0	66.9	79.4
2201	30.5	49	155.4	83.5	45.7	69.7	84.4
2202	20.5	51	150.4	80.3	46.8	67.0	82.4
2203	22.5	57	168.4	87.0	52.5	68.0	84.4
2204	22.5	48	157.4	84.1	47.0	65.0	80.4
2205	29.5	48	160.4	86.5	48.3	62.0	78.4
2206	26.5	60	169.4	90.8	52.0	71.9	86.4
2207	39.5	55	155.4	79.0	47.8	77.0	89.4
2208	23.5	54	166.4	88.0	51.5	65.0	82.4
2209	21.5	55	169.4	88.0	52.3	69.0	84.4
2210	22.5	51	163.4	86.0	49.0	71.0	85.4
2211	23.5	50	161.4	86.9	47.6	67.0	80.4
2212	21.5	59	166.4	87.4	49.9	68.8	87.4
2213	25.5	50	158.4	85.6	48.5	66.0	82.4
2214	29.5	56	164.4	84.5	50.4	70.0	81.4
2215	22.5	55	157.4	83.5	48.8	69.9	86.4
2216	22.5	58	165.4	83.0	50.3	68.0	85.4
2217	22.5	52	167.4	88.4	52.0	65.0	84.4
2218	27.5	41	156.4	86.5	45.5	59.0	74.4
2219	35.5	52	169.4	84.6	51.8	70.5	86.4
2220	22.5	68	176.4	87.8	55.8	74.9	93.4
2221	21.5	49	157.4	84.5	47.5	64.0	81.4
2222	23.5	53	165.4	85.5	50.7	67.9	84.4
2223	23.5	45	153.4	82.9	47.1	63.0	79.4
2224	23.5	51	161.4	85.5	47.8	65.5	81.4
2225	34.5	45	152.4	83.4	45.0	62.2	77.4
2226	23.5	60	161.4	86.0	49.3	61.0	87.4
2227	32.5	57	168.4	83.2	53.5	66.5	85.4
2228	21.5	56	158.4	85.5	47.3	69.0	84.4
2229	27.5	64	160.4	83.9	48.8	71.5	92.4
2230	20.5	49	155.4	83.7	46.9	65.0	83.4
2231	33.5	61	164.4	85.5	51.5	74.0	88.4
2232	20.5	46	154.4	79.8	48.7	68.0	79.4
2233	23.5	45	161.4	83.9	48.5	64.0	77.4
2234	22.5	53	166.4	87.4	50.2	66.5	83.4
2235	21.5	62	161.4	87.5	48.6	73.5	90.4
2236	20.5	50	165.4	85.0	50.5	69.0	82.4
2237	26.5	52	155.4	82.4	46.9	69.0	81.4
2238	40.5	53	155.4	81.5	48.6	66.0	81.4
2239	25.5	54	165.4	84.6	51.4	67.5	84.4
2240	21.5	58	167.4	87.2	52.3	68.0	86.4
2241	33.5	47	165.4	87.6	49.2	66.5	83.4
2242	23.5	53	156.4	82.7	48.2	67.5	83.4
2243	22.5	54	159.4	84.4	49.5	68.5	83.4
2244	22.5	54	160.4	86.0	48.6	65.0	85.4
2245	28.5	56	170.4	91.0	52.0	68.5	87.4
2246	20.5	40	154.4	84.0	47.0	68.0	82.4
2247	22.5	58	170.4	86.2	53.0	66.5	83.4
2248	39.5	44	143.4	80.2	45.2	61.5	76.4
2249	22.5	52	157.4	84.5	48.6	67.0	82.4
2250	23.5	52	164.4	88.0	51.0	65.5	85.4
2251	27.5	56	157.4	87.5	47.0	68.0	85.4
2252	23.5	55	158.4	86.5	47.4	71.0	87.4
2253	22.5	55	153.4	78.5	47.5	74.5	86.4
2254	20.5	49	162.4	87.2	47.5	64.2	81.4
2255	34.5	65	164.4	86.6	53.2	84.0	92.4
2256	23.5	47	152.4	77.7	47.3	63.5	77.4
2257	20.5	50	169.4	87.5	51.5	64.2	83.4
2258	20.5	55	165.4	85.2	51.4	70.0	86.4
2259	22.5	67	165.4	86.6	50.5	78.0	93.4
2260	30.5	58	166.4	85.6	49.5	73.2	86.4
2261	30.5	57	173.4	87.2	55.5	71.2	84.4
2262	21.5	50	150.4	79.4	47.8	65.7	81.4
2263	20.5	44	153.4	83.2	45.0	58.7	80.4
2264	22.5	51	162.4	81.8	50.8	68.9	85.4
2265	23.5	54	160.4	82.7	50.7	68.2	83.4
2266	33.5	61	167.4	90.4	50.7	72.0	85.4
2267	20.5	49	160.4	86.4	48.8	67.1	80.4
2268	19.5	49	158.4	82.6	47.7	65.7	84.4
2269	29.5	49	153.4	79.2	48.8	65.2	84.4
2270	21.5	53	170.4	85.6	51.6	64.5	83.4
2271	20.5	46	157.4	85.2	47.5	59.6	80.4
2272	22.5	57	165.4	87.0	51.5	70.2	86.4
2273	23.5	61	166.4	86.5	49.9	74.1	88.4
2274	21.5	55	166.4	88.3	51.4	65.1	86.4
2275	25.5	54	157.4	84.2	47.2	70.7	86.4
2276	31.5	52	155.4	82.8	46.7	71.0	85.4
2277	33.5	44	148.4	79.6	42.0	66.6	79.4
2278	22.5	54	156.4	83.5	47.9	72.2	85.4
2279	27.5	44	151.4	79.5	45.0	64.8	77.4
2280	20.5	50	160.4	84.4	48.9	66.7	80.4
2281	25.5	54	162.4	83.0	49.9	70.7	83.4
2282	22.5	55	167.4	87.5	51.1	72.3	83.4
2283	21.5	45	158.4	80.5	50.5	73.8	79.4
2284	29.5	59	161.4	88.0	47.7	70.8	89.4
2285	20.5	48	162.4	86.0	49.6	61.3	80.4
2286	28.5	52	161.4	88.0	46.8	70.4	83.4
2287	20.5	50	160.4	86.5	47.5	69.0	81.4
2288	21.5	46	154.4	85.0	46.3	61.2	80.4
2289	27.5	56	170.4	92.6	50.8	72.2	85.4
2290	22.5	54	163.4	88.1	49.3	70.7	85.4
2291	23.5	58	165.4	91.0	47.8	72.3	86.4
2292	26.5	52	164.4	87.5	49.3	67.0	83.4
2293	28.5	48	161.4	83.0	48.1	66.0	81.4
2294	31.5	50	159.4	84.1	48.2	68.7	88.4
2295	30.5	40	149.4	76.0	46.2	64.0	76.4
2296	34.5	49	165.4	87.6	50.6	68.2	83.4
2297	33.5	61	167.4	86.2	52.2	81.5	87.4
2298	20.5	41	152.4	77.2	47.3	61.2	76.4
2299	22.5	55	168.4	90.5	50.5	68.2	85.4
2300	31.5	72	171.4	90.6	53.5	74.0	95.4
2301	25.5	62	161.4	88.6	48.6	77.0	89.4
3001	39.5	47	156.4	91.5	47.8	66.0	76.4
3002	33.5	47	153.4	87.5	43.4	68.0	81.4
3003	37.5	57	165.4	89.4	48.4	70.5	86.4
3004	27.5	44	159.4	85.0	47.5	66.5	87.4
3005	34.5	45	166.4	90.5	48.7	62.0	80.4
3006	25.5	44	162.4	88.0	46.5	63.5	79.4
3007	26.5	45	163.4	91.0	45.3	63.5	77.4
3008	34.5	54	160.4	85.8	48.8	67.0	81.4
3009	23.5	51	162.4	87.9	49.5	63.0	84.4
3010	30.5	40	158.4	85.8	44.5	60.5	72.4
3012	30.5	53	159.4	86.7	47.2	74.0	82.4
3013	27.5	62	169.4	89.0	49.7	74.5	89.4
3014	22.5	54	167.4	84.2	48.7	72.0	86.4
3015	29.5	52	154.4	81.4	46.1	76.0	85.4
3016	30.5	51	159.4	87.5	45.0	66.0	80.4
3017	33.5	56	159.4	86.2	48.0	74.0	84.4
3018	29.5	56	175.4	92.5	52.6	68.0	87.4
3019	22.5	53	162.4	85.7	48.4	66.0	85.4
3020	22.5	65	155.4	82.4	45.8	62.0	77.4
3021	27.5	47	167.4	89.4	51.0	62.2	79.4
3022	26.5	55	157.4	85.1	46.3	72.5	85.4
3023	32.5	45	160.4	85.1	47.0	60.0	79.4
3024	36.5	47	160.4	85.8	46.5	67.5	85.4
3025	27.5	53	160.4	88.5	46.4	65.0	86.4
3026	23.5	51	160.4	89.0	46.0	66.1	81.4
3027	21.5	50	159.4	87.8	47.0	65.0	83.4
3028	24.5	57	163.4	87.0	48.0	70.0	86.4
3029	22.5	58	165.4	86.1	49.0	68.0	86.4
3030	32.5	46	163.4	85.5	48.5	62.0	88.4
3031	34.5	49	164.4	88.0	48.5	63.5	79.4
3032	31.5	45	160.4	82.5	49.9	63.0	76.4
3033	31.5	48	154.4	85.0	44.6	65.2	83.4
3034	34.5	53	163.4	83.2	49.3	75.0	86.4
3035	28.5	51	169.4	86.7	50.7	65.9	82.4
3036	33.5	44	159.4	85.5	48.5	59.5	78.4
3037	34.5	51	169.4	89.7	50.3	63.3	84.4
3038	33.5	50	162.4	87.3	47.9	64.1	81.4
3039	27.5	45	158.4	84.7	45.7	65.9	80.4
3040	30.5	44	159.4	83.4	47.2	62.0	79.4
3041	28.5	53	157.4	85.6	47.5	68.5	82.4
3042	30.5	39	154.4	82.3	44.9	59.0	75.4
3043	30.5	52	163.4	87.9	47.6	72.5	82.4
3044	32.5	49	158.4	82.5	46.9	67.7	82.4
3045	27.5	63	161.4	88.6	47.5	75.5	88.4
3046	34.5	50	156.4	81.4	47.3	69.2	82.4
3047	32.5	45	164.4	86.6	49.6	63.1	81.4
3048	29.5	60	161.4	85.7	46.5	81.0	90.4
3049	30.5	47	154.4	83.8	45.3	64.0	80.4
3050	29.5	45	150.4	81.5	45.6	61.5	81.4
3051	29.5	45	157.4	82.5	49.1	62.6	81.4
3052	26.5	47	156.4	86.6	45.3	66.0	80.4
3053	25.5	46	156.4	85.6	48.3	62.0	80.4
3054	25.5	60	171.4	92.5	50.8	73.7	86.4
3055	33.5	53	165.4	84.9	50.5	71.9	84.4
3056	32.5	48	163.4	87.7	48.5	61.7	81.4
3057	27.5	54	157.4	86.0	47.5	70.0	82.4
3058	32.5	47	168.4	83.5	52.4	60.0	81.4
3059	29.5	40	156.4	81.3	47.1	59.0	74.4
3060	26.5	45	156.4	84.5	46.3	58.2	78.4
3061	30.5	71	175.4	91.6	53.2	84.7	97.4
3062	25.5	48	161.4	86.2	48.5	63.9	80.4
3063	29.5	50	157.4	83.4	47.1	70.2	83.4
3064	27.5	40	154.4	82.2	45.6	58.7	76.4
3065	32.5	65	166.4	85.6	50.8	86.6	92.4
3066	37.5	50	162.4	86.9	47.7	62.9	80.4
3067	31.5	55	160.4	82.9	50.3	73.4	85.4
3068	29.5	55	159.4	84.9	48.5	77.5	86.4
3069	26.5	45	168.4	90.1	49.3	58.0	81.4
3070	33.5	53	156.4	85.0	47.3	68.0	84.4
3071	30.5	63	176.4	94.0	53.0	72.5	90.4
3072	28.5	48	159.4	86.0	47.0	70.5	82.4
3073	30.5	57	167.4	89.0	49.5	75.0	87.4
3074	33.5	55	160.4	82.5	49.5	69.5	84.4
3075	33.5	47	166.4	88.1	49.4	65.0	82.4
3076	31.5	46	166.4	87.7	47.8	66.5	78.4
3077	33.5	53	157.4	86.0	46.1	68.0	85.4
3078	20.5	47	162.4	85.1	50.5	68.5	79.4
3079	21.5	59	167.4	89.0	50.3	70.3	87.4
3080	27.5	54	158.4	85.5	47.6	73.5	87.4
3081	39.5	43	156.4	83.7	47.0	62.5	77.4
3082	29.5	59	156.4	80.6	46.7	75.2	90.4
3083	28.5	50	159.4	86.2	46.9	70.7	85.4
3084	23.5	51	167.4	88.7	49.0	65.0	82.4
3085	22.5	46	158.4	85.7	47.0	60.0	81.4
3086	22.5	49	169.4	89.7	51.3	61.8	81.4
3087	21.5	45	157.4	82.2	46.7	61.8	77.4
3088	22.5	49	164.4	86.5	49.1	62.0	81.4
3089	26.5	49	159.4	87.1	46.8	67.5	82.4
3090	26.5	51	162.4	84.6	49.1	68.5	82.4
3091	26.5	57	151.4	79.0	45.6	79.5	89.4
3092	26.5	54	163.4	85.1	50.0	68.0	85.4
3093	22.5	52	166.4	87.2	49.9	67.0	83.4
3094	20.5	44	159.4	86.5	46.9	64.0	78.4
3095	30.5	42	157.4	81.3	45.9	64.2	77.4
3096	34.5	46	161.4	80.6	47.5	66.5	79.4
3097	40.5	53	169.4	88.3	51.8	67.5	85.4
3098	26.5	54	156.4	85.2	46.3	72.0	83.4
3099	25.5	51	162.4	89.4	48.0	63.8	82.4
3100	25.5	50	160.4	84.1	48.6	70.0	81.4
3101	28.5	46	154.4	85.1	44.8	66.5	80.4
3102	28.5	44	166.4	87.8	48.6	62.5	79.4
3103	20.5	53	168.4	86.0	50.5	67.5	84.4
3104	21.5	43	150.4	78.8	44.3	60.0	76.4
3105	21.5	49	167.4	89.5	50.2	69.8	78.4
3106	21.5	60	168.4	89.5	50.6	71.2	88.4
3107	22.5	47	158.4	85.0	46.0	64.8	81.4
3108	20.5	49	166.4	87.7	48.2	62.3	82.4
3109	21.5	45	151.4	82.3	45.5	68.0	77.4
3110	21.5	47	166.4	86.0	49.5	62.0	81.4
3111	25.5	55	166.4	87.5	49.8	65.0	83.4
3112	25.5	53	158.4	86.5	46.4	64.0	82.4
3113	23.5	65	162.4	86.0	50.5	73.0	95.4
3114	22.5	45	153.4	81.5	45.6	65.0	79.4
3115	23.5	45	152.4	77.0	46.0	63.0	77.4
3116	21.5	46	153.4	79.8	46.3	66.2	82.4
3117	26.5	50	163.4	86.8	48.0	69.5	79.4
3118	20.5	48	158.4	82.0	46.8	63.5	80.4
3119	24.5	47	163.4	84.3	48.0	65.3	80.4
3120	23.5	61	162.4	81.7	48.3	80.3	88.4
3121	25.5	53	169.4	91.0	49.8	70.0	84.4
3123	29.5	55	167.4	90.0	49.0	70.5	82.4
3124	24.5	43	159.4	84.5	47.7	62.1	74.4
3125	38.5	50	162.4	89.0	48.0	68.5	80.4
3126	30.5	52	175.4	89.9	50.8	64.0	81.4
3127	38.5	45	157.4	79.2	47.3	62.0	81.4
3128	30.5	60	169.4	88.2	51.6	77.4	89.4
3129	31.5	56	156.4	82.8	47.3	76.2	85.4
3130	29.5	50	157.4	87.5	44.6	70.0	83.4
3131	36.5	59	157.4	84.3	47.8	83.1	89.4
3132	28.5	47	158.4	81.7	46.2	66.9	81.4
3133	33.5	60	163.4	85.7	50.1	78.4	89.4
3134	30.5	39	159.4	84.2	45.7	57.9	76.4
3135	40.5	47	156.4	81.5	46.2	67.8	81.4
3136	34.5	55	164.4	90.0	49.3	67.6	84.4
3137	30.5	45	159.4	87.5	47.1	65.1	79.4
3138	30.5	46	156.4	82.8	46.3	65.5	81.4
3139	31.5	44	160.4	85.4	47.5	63.9	77.4
3140	30.5	58	159.4	85.4	47.9	74.3	88.4
3141	30.5	49	159.4	83.5	47.5	66.9	81.4
3142	30.5	57	159.4	86.3	48.6	74.2	89.4
3143	26.5	38	152.4	82.5	44.4	57.2	74.4
3144	32.5	46	157.4	84.2	46.6	69.4	79.4
3145	36.5	55	155.4	84.5	48.8	80.0	87.4
3146	36.5	50	157.4	84.0	46.7	74.0	84.4
3147	36.5	48	155.4	85.7	45.1	70.7	81.4
3148	34.5	55	159.4	84.9	48.9	73.6	85.4
3149	34.5	50	162.4	82.8	50.4	68.4	82.4
3150	35.5	48	164.4	87.4	49.8	65.4	80.4
3151	35.5	45	160.4	84.5	48.3	67.3	78.4
3152	39.5	54	166.4	84.5	49.4	74.3	85.4
3153	33.5	50	154.4	83.2	46.2	69.7	84.4
3154	37.5	55	168.4	89.5	50.3	68.7	86.4
3155	33.5	57	158.4	88.8	43.9	70.4	90.4
3156	38.5	51	156.4	84.5	47.5	67.0	83.4
3157	32.5	61	158.4	82.5	48.2	80.0	90.4
3158	31.5	50	162.4	89.5	47.5	66.0	81.4
3159	35.5	75	169.4	88.3	50.8	84.3	92.4
3160	36.5	46	152.4	81.9	45.0	66.0	80.4
3161	29.5	41	157.4	80.0	46.7	62.0	76.4
3162	33.5	45	157.4	85.3	47.8	65.2	81.4
3163	23.5	51	166.4	84.0	51.5	65.1	81.4
3164	27.5	56	164.4	85.2	50.1	73.0	82.4
3165	27.5	48	160.4	80.3	47.1	64.5	80.4
3166	28.5	58	165.4	89.4	48.9	73.8	87.4
3167	33.5	55	154.4	81.2	46.5	79.5	86.4
3168	32.5	47	164.4	89.0	48.2	69.5	80.4
3169	33.5	54	159.4	86.0	45.3	67.5	84.4
3170	41.5	66	156.4	82.4	46.0	80.0	94.4
3171	30.5	59	167.4	86.4	47.6	75.0	88.4
3172	27.5	45	168.4	88.0	50.6	62.0	78.4
3173	35.5	49	162.4	86.6	46.5	69.0	81.4
3174	30.5	67	159.4	81.4	48.5	84.0	93.4
3175	26.5	51	155.4	84.6	45.6	71.0	82.4
3176	27.5	45	160.4	84.5	48.0	64.8	80.4
3177	30.5	54	160.4	83.9	48.4	77.3	87.4
3178	30.5	44	155.4	82.5	46.5	68.0	76.4
3179	31.5	59	166.4	85.6	50.2	75.0	85.4
3180	29.5	55	161.4	87.3	47.3	76.0	85.4
3181	28.5	65	158.4	86.3	47.6	85.5	95.4
3182	30.5	76	177.4	93.0	53.8	87.8	93.4
3183	27.5	44	158.4	85.2	45.6	67.3	72.4
3184	31.5	41	152.4	83.1	43.5	61.0	74.4
3185	44.5	44	153.4	79.5	45.6	66.0	77.4
3186	29.5	59	162.4	84.8	50.0	78.0	84.4
3187	26.5	55	163.4	87.9	47.4	66.3	88.4
3188	29.5	70	169.4	84.7	52.3	87.7	94.4
3189	21.5	50	160.4	85.0	48.6	63.0	83.4
3190	19.5	46	165.4	84.4	49.0	63.0	80.4
3191	19.5	53	170.4	86.5	52.5	63.8	83.4
3192	19.5	47	160.4	82.0	49.0	64.8	82.4
3193	19.5	45	160.4	83.0	46.8	62.5	77.4
3194	20.5	44	162.4	87.6	48.1	64.0	78.4
3195	20.5	54	163.4	86.6	46.6	70.0	83.4
3196	20.5	58	163.4	86.0	49.6	71.0	86.4
3197	21.5	50	171.4	86.6	53.9	65.0	79.4
3198	21.5	52	167.4	88.4	49.6	68.2	81.4
3199	21.5	45	161.4	86.0	48.0	60.0	79.4
3200	21.5	53	160.4	87.0	47.1	71.5	83.4
3201	21.5	53	165.4	87.0	49.7	67.8	83.4
3202	21.5	43	159.4	84.2	48.6	62.5	76.4
3203	20.5	61	168.4	88.0	51.0	76.0	84.4
3204	20.5	62	167.4	88.5	50.9	71.5	89.4
3205	20.5	46	159.4	80.5	48.9	67.0	79.4
3206	20.5	49	159.4	86.3	46.0	65.0	79.4
3207	22.5	48	162.4	83.0	48.9	61.8	78.4
3208	22.5	56	164.4	85.0	48.9	73.5	85.4
3209	22.5	50	168.4	86.8	50.6	63.0	80.4
3210	22.5	45	158.4	82.6	45.5	63.0	77.4
3211	22.5	55	164.4	88.4	50.3	64.3	82.4
3212	23.5	44	159.4	81.0	46.4	65.3	76.4
3213	23.5	50	168.4	82.5	50.0	66.3	81.4
3214	23.5	57	169.4	89.5	50.7	68.5	89.4
3215	26.5	55	152.4	83.0	44.2	71.2	85.4
3216	24.5	42	152.4	79.4	44.9	63.0	76.4
3217	25.5	54	159.4	88.0	45.8	73.0	85.4
3218	26.5	51	164.4	86.1	47.5	63.2	80.4
3219	22.5	53	164.4	87.6	49.5	69.0	83.4
3220	21.5	55	164.4	90.5	47.3	65.0	83.4
3221	23.5	44	164.4	87.5	49.2	58.0	80.4
3222	22.5	57	172.4	89.8	48.3	74.0	82.4
3223	24.5	53	157.4	84.5	46.5	68.0	83.4
3224	21.5	42	163.4	88.8	47.5	62.5	78.4
3225	24.5	57	173.4	93.4	50.1	69.0	83.4
3226	21.5	50	154.4	82.0	46.5	66.0	79.4
3227	21.5	42	153.4	81.2	45.8	64.5	78.4
3228	26.5	56	168.4	89.6	50.6	63.0	84.4
3229	20.5	52	155.4	86.2	47.6	63.0	83.4
3230	21.5	54	167.4	92.0	50.0	67.5	84.4
3231	23.5	46	161.4	86.5	48.7	63.6	80.4
3232	35.5	46	159.4	80.3	48.7	64.9	75.4
3233	20.5	55	168.4	91.4	48.7	68.6	86.4
3234	20.5	45	158.4	84.7	47.3	63.2	78.4
3235	21.5	50	149.4	79.2	44.5	65.5	80.4
3236	23.5	45	156.4	82.4	45.3	66.5	78.4
3237	27.5	45	161.4	83.5	46.5	66.8	78.4
3238	21.5	50	167.4	87.1	50.5	64.0	80.4
3239	21.5	50	165.4	87.8	49.8	62.0	79.4
3240	21.5	46	158.4	84.8	48.0	65.5	79.4
3241	21.5	47	157.4	84.5	46.5	59.0	80.4
3242	20.5	47	157.4	81.0	47.5	64.0	82.4
3243	21.5	53	161.4	84.5	48.0	67.5	82.4
3244	20.5	43	158.4	83.0	45.5	64.0	76.4
3245	20.5	49	158.4	86.5	43.8	64.5	80.4
3246	20.5	55	163.4	91.6	48.0	69.0	85.4
3247	24.5	47	159.4	84.5	46.0	64.0	77.4
3248	20.5	52	159.4	87.5	44.0	68.0	83.4
3249	22.5	51	160.4	85.7	45.3	70.3	82.4
3250	23.5	47	161.4	87.0	48.0	64.5	80.4
3251	20.5	52	162.4	90.0	46.2	66.5	85.4
3252	20.5	45	163.4	88.1	47.3	58.2	80.4
3253	19.5	49	152.4	84.1	44.0	65.2	80.4
3254	23.5	50	164.4	85.0	50.5	70.5	83.4
3255	23.5	56	167.4	90.0	48.3	73.0	86.4
3256	20.5	53	157.4	82.8	47.8	63.7	82.4
3257	19.5	50	170.4	84.5	52.7	62.0	84.4
3258	21.5	52	163.4	85.0	48.7	65.2	83.4
3259	24.5	47	158.4	84.8	46.5	63.2	80.4
3260	23.5	41	155.4	79.5	45.5	59.0	74.4
3261	24.5	49	161.4	82.3	48.2	63.7	79.4
3262	26.5	60	160.4	84.5	48.9	76.5	90.4
3263	29.5	55	154.4	83.5	44.3	78.5	85.4
3264	29.5	50	165.4	86.5	49.3	68.5	82.4
3265	32.5	49	168.4	90.6	49.9	62.1	83.4
3266	35.5	49	168.4	88.3	52.1	63.5	81.4
3267	35.5	49	164.4	86.4	49.4	70.0	82.4
3268	27.5	54	169.4	90.0	50.9	70.0	85.4
3269	34.5	55	162.4	86.9	47.7	74.0	85.4
3270	30.5	49	159.4	81.5	47.5	67.0	81.4
3271	33.5	51	164.4	88.5	46.7	67.5	83.4
3272	37.5	45	159.4	83.5	45.9	64.2	77.4
3273	31.5	74	166.4	87.7	52.1	87.0	104.4
3274	26.5	41	155.4	85.9	44.5	57.3	76.4
3275	35.5	61	160.4	86.3	47.8	76.8	88.4
3276	41.5	47	160.4	85.9	47.9	63.5	83.4
3277	27.5	53	168.4	89.0	48.6	62.0	85.4
3278	26.5	42	159.4	85.0	48.0	59.9	76.4
3279	30.5	43	150.4	79.9	44.2	69.0	78.4
3280	35.5	57	167.4	85.9	50.5	69.0	88.4
3281	30.5	45	160.4	87.0	47.6	56.5	78.4
3282	30.5	53	159.4	87.5	46.8	71.5	86.4
3283	23.5	49	152.4	83.5	44.6	66.0	85.4
3284	30.5	47	154.4	86.1	45.9	66.0	79.4
3285	39.5	52	154.4	82.9	45.8	70.0	84.4
3286	30.5	52	161.4	85.9	48.1	69.3	86.4
3287	34.5	63	169.4	88.2	51.5	75.5	89.4
3288	37.5	53	159.4	83.5	49.1	77.5	87.4
3289	28.5	66	171.4	92.8	49.6	76.0	89.4
3290	32.5	49	167.4	89.5	46.8	65.0	81.4
3291	26.5	52	165.4	88.8	46.8	67.0	81.4
3292	26.5	57	160.4	83.2	47.3	65.0	80.4
3293	31.5	64	158.4	84.0	46.5	80.0	88.4
3294	30.5	74	164.4	88.8	48.5	81.0	88.4
3295	28.5	54	168.4	91.5	48.2	67.5	84.4
3296	29.5	48	152.4	83.0	44.4	68.0	81.4
3297	28.5	53	158.4	82.5	48.5	72.5	84.4
3298	30.5	55	160.4	83.7	48.8	73.0	87.4
3299	30.5	63	161.4	84.9	49.5	80.0	89.4
3300	43.5	55	161.4	85.6	47.7	70.7	84.4
3301	42.5	65	168.4	90.7	49.3	82.5	91.4
3302	28.5	70	163.4	89.5	47.7	83.4	93.4
3303	31.5	54	170.4	91.0	52.0	63.5	80.4
3304	21.5	56	165.4	91.0	50.0	64.5	84.4
4001	30.5	49	153.4	80.3	44.3	70.5	79.4
4002	23.5	50	158.4	87.3	48.5	62.1	84.4
4003	28.5	45	154.4	84.1	46.3	63.2	79.4
4004	29.5	50	149.4	83.5	44.1	62.7	80.4
4005	26.5	50	157.4	81.1	46.3	69.3	82.4
4006	21.5	46	156.4	84.9	47.1	64.2	79.4
4007	27.5	63	162.4	84.5	48.5	69.5	90.4
4008	22.5	50	155.4	84.5	46.4	65.5	81.4
4009	26.5	59	166.4	89.5	48.5	70.0	86.4
4010	26.5	46	154.4	83.5	44.8	65.5	80.4
4011	21.5	59	164.4	83.0	52.9	74.0	90.4
4012	28.5	73	170.4	85.5	50.4	82.7	94.4
4013	22.5	49	157.4	83.7	44.3	66.8	81.4
4014	24.5	57	169.4	89.4	50.5	68.0	86.4
4015	23.5	55	156.4	80.3	47.9	68.2	83.4
4016	24.5	57	158.4	85.0	46.5	69.8	83.4
4017	27.5	55	162.4	84.0	49.0	66.0	86.4
4018	22.5	55	164.4	84.3	51.1	70.0	82.4
4019	21.5	55	153.4	84.3	44.8	69.5	87.4
4020	20.5	52	155.4	82.0	46.2	66.5	81.4
4021	21.5	58	158.4	82.3	45.7	70.0	87.4
4022	21.5	62	165.4	82.6	52.0	72.0	89.4
4023	31.5	58	161.4	82.1	47.7	75.0	86.4
4024	21.5	63	163.4	89.9	46.6	73.8	91.4
4025	21.5	50	159.4	79.0	50.0	67.9	79.4
4026	32.5	52	159.4	80.5	48.7	67.0	81.4
4027	26.5	47	153.4	77.5	45.0	67.5	79.4
4028	24.5	60	168.4	88.2	50.9	68.0	85.4
4029	29.5	53	157.4	83.3	47.2	68.4	84.4
4030	22.5	56	155.4	82.5	46.8	67.0	82.4
4031	24.5	55	156.4	85.6	46.6	65.7	83.4
4032	33.5	56	159.4	83.7	46.5	67.0	83.4
4033	28.5	51	167.4	86.4	48.5	65.2	83.4
4034	25.5	52	159.4	81.5	48.5	66.0	83.4
4035	23.5	54	160.4	81.5	47.5	69.0	83.4
4036	20.5	49	164.4	83.3	50.5	63.5	82.4
4037	21.5	51	157.4	79.2	48.5	68.0	80.4
4038	21.5	49	155.4	84.8	45.2	66.0	81.4
4039	31.5	56	164.4	87.7	49.2	71.0	86.4
4040	20.5	44	151.4	82.0	45.5	63.5	78.4
4041	26.5	49	154.4	83.8	46.0	63.0	79.4
4042	29.5	50	157.4	82.5	46.5	67.0	81.4
4043	22.5	54	157.4	83.0	47.0	68.0	83.4
4044	29.5	55	158.4	83.3	46.7	70.0	86.4
4045	28.5	57	167.4	89.0	48.5	69.0	85.4
4046	22.5	57	166.4	86.3	50.3	70.0	84.4
4047	34.5	55	165.4	86.0	51.3	66.0	84.4
4048	22.5	49	150.4	78.8	46.1	65.8	81.4
4049	24.5	51	158.4	80.5	45.1	65.8	81.4
4050	23.5	52	155.4	80.0	45.0	66.2	82.4
4051	25.5	46	154.4	83.0	45.2	63.2	79.4
4052	24.5	66	164.4	87.5	49.2	71.8	88.4
4053	35.5	53	161.4	78.5	47.1	69.0	83.4
4055	26.5	55	155.4	84.5	46.3	71.0	87.4
4056	26.5	53	165.4	86.4	50.6	65.0	83.4
4057	20.5	56	162.4	85.3	49.5	69.0	83.4
4058	25.5	42	150.4	80.0	43.6	61.5	76.4
4059	24.5	57	161.4	83.8	50.9	70.0	86.4
4060	34.5	50	160.4	83.5	47.0	64.0	79.4
4061	24.5	49	158.4	82.0	48.5	65.5	81.4
4062	30.5	56	164.4	89.0	49.3	71.0	84.4
4063	20.5	52	156.4	81.6	48.0	73.5	83.4
4064	29.5	52	159.4	82.8	47.4	62.0	81.4
4065	23.5	54	162.4	85.5	48.8	65.5	83.4
4066	28.5	49	166.4	86.6	48.6	65.0	80.4
4067	27.5	53	159.4	84.5	47.5	74.2	86.4
4068	27.5	54	166.4	83.4	52.0	66.0	82.4
4069	25.5	51	159.4	81.0	49.8	66.5	85.4
4070	23.5	54	164.4	84.0	48.0	67.0	83.4
4071	28.5	49	152.4	82.5	43.8	63.0	81.4
4072	23.5	52	159.4	83.5	49.0	69.0	83.4
4073	26.5	53	156.4	85.2	44.6	67.0	83.4
4074	28.5	53	162.4	87.5	47.5	63.0	83.4
4075	28.5	51	153.4	80.8	46.3	65.5	81.4
4076	24.5	51	164.4	88.5	48.3	70.0	82.4
4077	26.5	54	164.4	87.1	48.5	67.0	85.4
4078	21.5	50	152.4	80.5	45.5	65.5	83.4
4079	25.5	50	160.4	84.5	46.2	65.0	81.4
4080	24.5	48	160.4	81.9	48.9	66.0	78.4
4081	27.5	54	162.4	84.5	47.9	70.5	84.4
4082	22.5	57	166.4	90.1	48.8	65.5	86.4
4083	24.5	60	161.4	84.7	50.3	69.4	88.4
4085	22.5	48	157.4	84.4	46.8	64.5	82.4
4086	36.5	49	156.4	83.5	46.7	68.2	82.4
4087	32.5	54	158.4	84.7	47.7	68.0	83.4
4088	24.5	53	153.4	82.8	46.7	68.2	83.4
4089	23.5	56	161.4	83.8	49.7	69.0	87.4
4090	27.5	63	169.4	89.7	52.1	75.7	89.4
4091	19.5	57	158.4	86.7	46.9	70.0	88.4
4092	23.5	57	156.4	81.3	47.5	72.5	85.4
4093	24.5	55	158.4	86.1	47.3	69.0	85.4
4094	24.5	56	156.4	80.7	47.9	60.0	84.4
4095	24.5	62	160.4	85.0	47.1	65.6	87.4
4096	24.5	51	162.4	87.5	47.1	66.6	82.4
4097	28.5	49	157.4	82.5	46.9	64.5	80.4
4098	30.5	52	160.4	82.8	48.9	73.0	85.4
4099	21.5	55	160.4	84.7	48.5	71.5	83.4
4100	22.5	51	153.4	81.7	45.9	68.5	84.4
4101	31.5	52	163.4	83.4	50.0	65.4	83.4
4102	21.5	53	159.4	88.3	46.7	67.3	87.4
4103	26.5	52	163.4	88.3	48.3	62.5	83.4
4104	23.5	52	164.4	86.7	48.7	64.0	88.4
4105	21.5	57	162.4	81.9	50.7	70.3	89.4
4106	24.5	55	160.4	85.5	49.9	69.5	86.4
4107	24.5	55	171.4	86.0	53.5	65.0	86.4
4108	32.5	55	164.4	84.5	46.6	67.7	84.4
4109	30.5	55	164.4	81.6	51.3	70.2	83.4
4110	33.5	45	157.4	85.4	45.5	64.2	80.4
4111	27.5	50	155.4	85.4	45.5	65.0	81.4
4112	23.5	55	163.4	82.1	48.8	69.8	84.4
4113	28.5	55	168.4	86.0	50.5	69.0	83.4
4114	25.5	51	161.4	84.0	47.5	62.2	82.4
4115	24.5	50	157.4	82.0	46.7	66.8	81.4
4116	27.5	53	161.4	84.5	47.3	67.0	83.4
4117	28.5	51	165.4	86.5	48.6	68.2	82.4
4118	28.5	44	153.4	79.5	44.8	60.0	77.4
4119	33.5	51	154.4	82.2	44.8	67.3	81.4
4120	24.5	43	154.4	82.1	46.0	68.0	80.4
4121	31.5	51	165.4	86.5	48.0	68.2	82.4
4122	29.5	50	158.4	83.5	46.1	65.8	82.4
4123	23.5	50	155.4	81.5	46.3	64.5	81.4
4124	31.5	60	162.4	83.4	50.2	70.5	85.4
4125	25.5	55	153.4	81.1	44.3	69.0	84.4
4126	34.5	51	166.4	81.5	48.0	66.8	83.4
4127	30.5	45	161.4	81.8	45.4	64.0	79.4
4128	24.5	56	164.4	85.5	49.0	69.2	84.4
4129	20.5	48	155.4	81.0	48.2	64.0	83.4
4130	26.5	55	165.4	87.0	48.4	67.0	86.4
4131	24.5	49	159.4	80.5	49.2	67.0	82.4
4132	30.5	51	159.4	83.7	46.6	67.3	82.4
4133	27.5	53	162.4	83.0	49.4	68.8	82.4
4134	29.5	47	157.4	78.5	46.1	63.2	81.4
4135	37.5	55	158.4	82.9	48.1	68.5	86.4
4136	30.5	55	166.4	88.0	48.2	71.5	85.4
4137	27.5	49	156.4	81.4	46.7	63.2	79.4
4138	30.5	60	163.4	86.4	49.9	68.8	84.4
4139	25.5	55	167.4	85.5	47.2	65.0	73.4
4140	30.5	59	157.4	79.0	45.7	73.5	86.4
4141	36.5	41	149.4	78.5	41.8	61.5	74.4
4142	26.5	55	160.4	87.8	47.5	68.0	86.4
4143	24.5	51	159.4	85.0	46.0	66.0	82.4
4144	31.5	52	159.4	78.8	48.4	69.0	81.4
4145	28.5	45	156.4	79.0	45.2	66.0	79.4
4146	31.5	42	151.4	82.5	45.0	62.0	76.4
4147	33.5	51	158.4	83.0	48.0	74.2	82.4
4148	32.5	54	161.4	82.4	48.8	63.0	83.4
4149	29.5	58	165.4	83.1	50.5	67.5	85.4
4150	30.5	52	160.4	86.5	47.2	65.5	83.4
4151	32.5	57	158.4	81.2	48.5	70.0	87.4
4152	29.5	52	161.4	87.5	48.8	70.2	81.4
4153	31.5	55	158.4	80.7	49.3	67.7	82.4
4154	27.5	50	152.4	83.9	45.3	66.0	83.4
4155	29.5	51	158.4	83.5	48.1	64.2	81.4
4156	28.5	52	159.4	78.0	47.0	68.0	82.4
4157	32.5	50	157.4	79.9	46.9	63.0	83.4
4158	28.5	49	165.4	87.1	47.5	62.5	82.4
4159	34.5	50	164.4	85.7	49.7	66.0	82.4
4160	35.5	46	160.4	82.4	46.6	58.8	80.4
4161	31.5	60	161.4	86.9	46.5	75.0	87.4
4162	29.5	40	149.4	78.3	43.5	60.0	76.4
4163	33.5	60	169.4	84.5	50.0	67.7	84.4
4164	31.5	54	165.4	85.0	47.7	67.0	85.4
4165	31.5	58	168.4	87.5	51.4	65.0	86.4
4166	30.5	46	155.4	83.0	50.4	64.0	75.4
4167	28.5	46	159.4	81.0	48.0	61.0	77.4
4168	32.5	52	166.4	88.0	49.5	68.0	85.4
4169	32.5	54	156.4	82.5	47.3	65.0	82.4
4170	28.5	54	164.4	83.0	49.4	63.5	83.4
4171	30.5	52	150.4	81.6	45.3	68.2	83.4
4172	35.5	61	170.4	85.1	52.5	65.5	86.4
4173	31.5	57	165.4	85.5	48.5	71.2	84.4
4174	22.5	55	157.4	80.9	48.4	71.3	86.4
4175	31.5	45	153.4	84.7	45.7	63.4	76.4
4176	27.5	44	157.4	81.0	46.3	63.0	80.4
4177	31.5	48	153.4	82.5	45.2	66.3	80.4
4178	35.5	57	160.4	82.3	48.5	67.0	85.4
4179	35.5	47	159.4	82.7	48.0	61.0	76.4
4180	31.5	62	171.4	90.4	52.0	73.2	87.4
4181	38.5	51	161.4	86.5	48.0	65.0	82.4
4182	32.5	75	167.4	89.2	52.0	83.0	96.4
4183	37.5	58	164.4	87.0	49.5	69.0	87.4
4184	32.5	55	162.4	88.5	48.2	69.5	84.4
4185	34.5	50	156.4	83.3	47.3	68.2	82.4
4186	30.5	65	156.4	84.3	47.5	83.5	95.4
4187	33.5	54	158.4	83.7	46.6	70.3	85.4
4188	36.5	52	158.4	80.3	47.5	66.0	81.4
4189	31.5	55	163.4	87.8	49.5	67.5	85.4
4190	36.5	59	164.4	86.0	48.0	73.5	86.4
4191	37.5	54	156.4	77.5	47.3	64.5	80.4
4192	38.5	48	155.4	81.5	45.0	66.5	81.4
4193	36.5	67	161.4	82.0	48.0	73.0	91.4
4194	32.5	51	161.4	82.6	49.0	69.0	81.4
4195	36.5	48	159.4	85.2	48.0	65.0	80.4
4197	37.5	56	160.4	83.0	47.3	74.2	86.4
4198	35.5	56	156.4	85.7	46.7	68.4	87.4
4199	38.5	60	161.4	85.5	48.6	68.5	86.4
4200	32.5	48	151.4	77.5	44.8	68.0	82.4
4202	23.5	68	176.4	89.1	54.9	76.7	90.4
4203	25.5	62	162.4	84.9	47.8	78.5	90.4
4204	31.5	52	159.4	85.7	48.2	65.0	83.4
4205	26.5	56	161.4	87.3	46.8	69.0	84.4
4206	26.5	60	165.4	87.2	49.3	71.5	86.4
4207	30.5	61	166.4	88.5	50.7	73.5	86.4
4208	27.5	54	162.4	84.5	50.1	62.8	83.4
4209	23.5	60	168.4	89.9	50.8	68.5	90.4
4210	24.5	53	155.4	85.4	46.9	65.1	81.4
4211	28.5	51	156.4	85.5	47.3	65.0	84.4
4212	23.5	61	165.4	88.3	49.3	71.8	88.4
4213	30.5	55	162.4	83.5	51.2	67.0	81.4
4214	24.5	55	156.4	85.3	47.9	65.0	84.4
4215	25.5	48	162.4	83.8	48.2	64.5	81.4
4216	30.5	45	156.4	78.1	47.7	67.8	88.4
4217	22.5	53	157.4	80.4	46.2	66.8	83.4
4218	37.5	45	157.4	81.1	48.5	61.3	78.4
4219	23.5	52	155.4	84.6	44.5	66.8	84.4
4220	19.5	53	161.4	82.3	49.3	67.0	83.4
4221	26.5	56	160.4	86.2	47.7	76.2	88.4
4222	30.5	50	160.4	85.0	48.8	66.5	81.4
4223	28.5	53	160.4	85.8	47.7	68.0	84.4
4224	20.5	63	172.4	87.8	53.1	74.5	86.4
4225	26.5	52	150.4	81.5	44.1	71.8	82.4
4226	21.5	44	155.4	76.6	46.4	62.0	78.4
4227	24.5	60	165.4	84.0	49.7	70.0	88.4
4228	21.5	51	154.4	80.5	44.8	67.7	83.4
4229	26.5	46	154.4	79.5	46.8	69.2	78.4
4230	21.5	45	153.4	82.5	44.7	62.0	79.4
4232	21.5	50	153.4	79.5	45.5	67.8	81.4
4233	26.5	51	157.4	86.0	46.1	65.7	81.4
4234	21.5	45	151.4	78.0	45.5	69.8	77.4
4235	22.5	48	156.4	84.0	45.8	65.0	81.4
4236	27.5	51	160.4	89.0	47.0	69.5	84.4
4237	26.5	52	162.4	85.0	48.6	70.0	82.4
4238	22.5	50	159.4	81.5	46.0	65.3	82.4
4239	24.5	55	164.4	84.2	49.5	70.0	84.4
4240	22.5	45	156.4	82.5	47.0	65.5	80.4
4241	23.5	54	163.4	85.6	49.5	70.5	82.4
4242	23.5	57	157.4	85.8	46.5	65.0	80.4
4243	28.5	65	164.4	84.0	50.1	76.7	89.4
4244	22.5	53	159.4	84.6	45.1	72.4	82.4
4245	23.5	53	158.4	86.0	46.5	65.7	82.4
4246	21.5	54	155.4	81.6	46.5	72.5	83.4
4247	22.5	48	156.4	82.0	47.2	74.0	80.4
4248	27.5	52	159.4	86.0	48.5	66.0	83.4
4249	26.5	49	156.4	80.3	46.3	72.5	80.4
4250	21.5	53	166.4	88.5	50.8	62.0	84.4
4251	26.5	50	162.4	83.8	48.6	64.0	82.4
4252	23.5	50	158.4	84.4	46.3	69.0	81.4
4253	23.5	49	164.4	85.8	50.0	67.5	80.4
4254	25.5	53	156.4	86.0	45.7	68.0	85.4
4255	26.5	58	167.4	87.5	50.4	67.6	86.4
4256	28.5	47	154.4	81.9	45.2	71.9	78.4
4257	30.5	44	155.4	83.9	46.6	63.0	81.4
4258	25.5	66	167.4	90.2	50.1	78.0	90.4
4259	36.5	55	159.4	82.4	47.2	73.5	83.4
4260	23.5	53	157.4	81.2	47.9	71.0	82.4
4261	26.5	54	159.4	87.1	45.9	71.0	84.4
4262	30.5	55	164.4	88.7	45.5	70.5	88.4
4263	28.5	45	157.4	83.2	45.6	63.4	80.4
4264	29.5	52	160.4	84.7	48.9	67.0	84.4
4265	30.5	56	159.4	88.9	46.7	71.5	87.4
4266	32.5	49	154.4	81.4	44.9	72.0	80.4
4267	22.5	50	164.4	85.3	45.5	65.5	80.4
4268	31.5	67	164.4	89.9	49.7	79.0	92.4
4269	27.5	50	166.4	83.2	50.4	67.0	81.4
4270	25.5	51	159.4	82.2	46.9	71.5	81.4
4271	27.5	55	158.4	86.6	45.2	68.0	84.4
4272	25.5	51	158.4	85.0	46.7	69.0	81.4
4273	22.5	54	160.4	83.8	49.6	70.0	86.4
4274	20.5	52	164.4	87.8	46.6	68.0	80.4
4275	23.5	57	159.4	84.3	48.5	72.5	85.4
4276	25.5	54	159.4	86.5	45.9	70.0	85.4
4277	20.5	59	169.4	85.6	50.0	74.2	87.4
4278	26.5	55	165.4	85.5	50.5	68.0	82.4
4279	36.5	58	163.4	86.0	50.0	73.0	85.4
4280	32.5	48	163.4	81.2	50.8	66.7	80.4
4281	20.5	50	159.4	85.6	47.7	62.5	82.4
4282	28.5	40	151.4	80.0	44.5	58.0	75.4
4283	22.5	44	153.4	83.5	45.2	67.5	80.4
4284	24.5	55	157.4	88.2	46.0	67.0	83.4
4285	19.5	43	158.4	83.0	44.6	61.0	78.4
4286	30.5	48	161.4	85.0	48.6	62.0	80.4
4287	23.5	57	164.4	87.0	52.1	68.2	88.4
4288	21.5	60	167.4	89.0	49.5	71.5	89.4
4289	27.5	41	154.4	85.2	42.2	61.0	77.4
4290	26.5	42	153.4	83.2	45.0	61.0	78.4
4291	24.5	55	172.4	91.2	50.0	66.5	86.4
4292	31.5	42	158.4	86.2	45.2	59.5	76.4
4294	20.5	55	162.4	82.6	47.5	70.0	84.4
4295	34.5	55	161.4	80.5	50.6	69.3	83.4
4296	27.5	51	154.4	81.4	48.7	69.0	81.4
4297	22.5	55	161.4	84.2	47.5	72.0	84.4
4298	27.5	55	159.4	84.9	48.2	68.0	83.4
4299	31.5	46	156.4	83.3	45.7	61.7	81.4
4300	28.5	49	162.4	81.1	48.3	65.3	84.4
4301	35.5	46	156.4	78.2	47.0	64.0	81.4
4302	23.5	48	164.4	82.0	49.7	61.0	81.4
4304	33.5	49	162.4	82.0	48.3	64.2	79.4
4305	26.5	53	162.4	89.3	47.9	69.4	83.4
4306	33.5	44	154.4	83.0	45.3	60.5	75.4
4307	32.5	53	158.4	86.0	47.8	67.0	83.4
4308	28.5	50	159.4	80.0	48.0	68.5	81.4
4309	36.5	44	158.4	83.5	46.5	59.5	79.4
4310	29.5	54	159.4	84.0	48.1	67.8	82.4
4311	29.5	49	153.4	82.7	46.8	60.0	78.4
4312	29.5	51	161.4	84.7	48.9	64.4	84.4
4313	30.5	53	164.4	84.0	50.2	67.8	81.4
4314	33.5	47	151.4	83.0	43.5	66.0	80.4
4315	29.5	49	156.4	84.9	45.6	66.5	78.4
4316	30.5	60	171.4	85.5	52.5	67.2	88.4
4317	35.5	57	159.4	88.3	46.6	75.0	87.4
4318	27.5	53	162.4	86.2	49.8	65.0	80.4
4319	34.5	43	145.4	76.3	46.5	67.5	76.4
4321	32.5	45	160.4	81.0	47.3	64.8	78.4
4322	27.5	52	158.4	81.5	46.8	68.5	85.4
4323	23.5	65	172.4	90.8	51.8	71.7	91.4
4324	32.5	55	157.4	85.0	45.6	74.5	85.4
4325	37.5	52	158.4	81.3	48.7	67.5	83.4
4326	29.5	60	174.4	93.0	52.8	70.0	87.4
4327	30.5	51	163.4	84.7	50.0	66.0	83.4
4328	36.5	55	165.4	81.9	52.1	67.5	83.4
4329	29.5	50	158.4	85.3	45.0	62.0	83.4
4330	29.5	50	157.4	84.2	46.6	67.5	82.4
4331	33.5	45	156.4	81.5	46.6	63.0	77.4
4332	30.5	48	154.4	85.6	45.0	66.0	82.4
4333	28.5	47	161.4	85.5	49.4	67.0	83.4
4334	28.5	46	157.4	79.5	47.3	65.0	77.4
4335	31.5	52	163.4	85.0	48.3	67.0	80.4
4336	28.5	57	169.4	89.7	52.5	68.4	82.4
4337	33.5	49	156.4	85.0	47.5	65.0	83.4
4338	24.5	53	170.4	89.7	52.6	63.5	84.4
4339	30.5	40	158.4	84.2	45.9	59.0	74.4
4340	34.5	54	159.4	82.5	48.3	67.8	83.4
4341	31.5	54	155.4	86.9	46.7	71.2	84.4
4342	26.5	57	171.4	88.4	52.8	67.0	86.4
4343	37.5	61	162.4	86.2	46.1	73.8	83.4
4344	32.5	51	160.4	82.3	49.9	67.2	81.4
4345	36.5	56	163.4	82.1	47.9	69.4	88.4
4346	34.5	57	154.4	84.7	46.1	72.4	85.4
4347	33.5	47	160.4	82.0	48.3	64.8	79.4
4348	28.5	50	156.4	80.6	45.3	66.8	85.4
4349	36.5	43	151.4	81.0	45.5	57.3	77.4
4350	31.5	54	161.4	85.3	45.5	70.0	84.4
4351	30.5	52	161.4	87.6	46.8	65.0	85.4
4352	32.5	44	152.4	75.5	47.0	65.8	80.4
4353	33.5	62	166.4	84.0	49.9	76.2	90.4
4354	31.5	58	169.4	87.3	51.6	69.8	87.4
4355	29.5	51	167.4	90.9	49.1	63.0	80.4
4356	31.5	53	162.4	87.0	49.0	66.0	84.4
4357	25.5	52	168.4	88.0	50.0	63.0	89.4
4358	32.5	45	155.4	83.5	45.6	62.5	79.4
4359	33.5	57	163.4	87.5	48.5	70.0	89.4
4360	34.5	53	166.4	84.0	49.0	64.0	86.4
4362	33.5	46	163.4	87.7	47.9	65.1	77.4
4363	30.5	45	156.4	82.7	46.7	62.5	80.4
4364	31.5	49	158.4	81.1	46.5	68.0	81.4
4365	33.5	48	158.4	83.0	48.2	64.0	79.4
4366	39.5	50	155.4	79.5	46.0	63.2	83.4
4367	31.5	47	155.4	84.8	46.0	62.0	79.4
4368	35.5	44	148.4	80.0	48.8	68.0	78.4
4369	34.5	40	157.4	82.0	46.4	58.2	72.4
4370	31.5	41	147.4	78.2	45.0	65.0	75.4
4371	32.5	66	163.4	86.0	52.5	77.1	92.4
4372	37.5	50	162.4	84.4	50.0	66.0	83.4
4373	33.5	57	159.4	85.8	47.0	71.5	90.4
4374	30.5	50	157.4	83.5	46.5	66.5	80.4
4375	35.5	55	161.4	88.8	48.5	69.0	85.4
4376	30.5	62	163.4	87.0	48.3	74.7	92.4
4377	31.5	52	157.4	83.9	47.5	65.0	81.4
4378	31.5	54	163.4	83.6	48.9	68.5	82.4
4379	43.5	52	160.4	87.7	47.0	67.2	84.4
4380	38.5	51	161.4	84.0	48.0	68.0	84.4
4381	33.5	72	161.4	89.9	49.6	84.7	97.4
4382	30.5	52	165.4	87.0	50.8	68.0	87.4
4383	32.5	52	158.4	84.7	47.7	67.0	81.4
4384	37.5	50	154.4	82.2	47.3	68.5	83.4
4385	32.5	58	162.4	86.0	50.0	75.8	87.4
4386	36.5	58	169.4	91.4	49.5	64.0	82.4
4387	30.5	49	156.4	87.5	45.5	67.0	81.4
4388	32.5	52	165.4	85.3	49.3	71.0	88.4
4389	32.5	48	157.4	85.1	46.3	64.3	78.4
4390	36.5	51	157.4	84.6	45.5	71.0	84.4
4391	40.5	50	160.4	83.4	47.2	64.2	82.4
4392	37.5	57	157.4	81.0	46.2	80.0	87.4
4393	41.5	69	165.4	90.5	50.5	85.8	91.4
4394	40.5	64	158.4	83.5	46.7	74.0	86.4
4395	33.5	65	168.4	86.4	47.5	81.2	92.4
4396	35.5	55	160.4	82.5	47.5	68.0	85.4
4397	35.5	50	165.4	86.9	49.0	64.0	80.4
4398	31.5	55	156.4	82.8	46.3	68.2	82.4
4399	37.5	61	163.4	87.3	48.7	79.5	90.4
4400	35.5	57	161.4	85.8	47.2	75.5	89.4
4401	33.5	50	158.4	84.0	48.3	68.9	81.4
5001	24.5	49	158.4	86.3	46.6	62.5	84.4
5002	21.5	45	159.4	82.5	48.1	62.1	79.4
5003	21.5	41	152.4	76.1	46.8	63.5	75.4
5004	21.5	43	152.4	79.5	46.5	65.0	78.4
5005	23.5	45	156.4	83.5	45.5	60.0	80.4
5006	23.5	51	163.4	88.5	46.5	63.0	81.4
5007	21.5	50	168.4	88.1	51.4	63.5	84.4
5008	23.5	57	156.4	85.2	47.5	72.2	89.4
5009	23.5	53	158.4	87.5	47.0	67.7	80.4
5010	22.5	58	171.4	87.2	53.2	66.0	89.4
5011	21.5	52	162.4	88.5	45.5	67.0	84.4
5012	22.5	53	167.4	88.0	51.2	63.0	85.4
5013	22.5	50	160.4	89.5	47.5	63.5	85.4
5014	20.5	42	157.4	84.0	46.5	66.5	79.4
5015	21.5	49	161.4	87.2	47.0	65.0	82.4
5016	25.5	55	153.4	87.2	45.7	72.0	87.4
5017	20.5	54	162.4	85.7	48.5	68.9	87.4
5018	19.5	50	155.4	84.3	47.2	69.4	85.4
5019	22.5	50	154.4	82.5	45.5	67.5	86.4
5020	21.5	49	162.4	86.6	50.5	65.8	82.4
5021	21.5	57	159.4	87.2	47.9	75.5	88.4
5022	22.5	53	165.4	91.2	49.1	69.0	86.4
5023	21.5	52	162.4	85.7	48.3	68.5	88.4
5024	21.5	50	150.4	79.1	46.3	70.7	83.4
5025	25.5	59	170.4	91.4	50.7	75.5	89.4
5026	21.5	52	156.4	83.2	48.9	71.0	85.4
5027	21.5	44	163.4	87.2	49.3	70.8	85.4
5028	22.5	47	155.4	85.5	46.3	65.4	82.4
5029	21.5	50	160.4	85.3	48.2	67.4	83.4
5030	22.5	53	151.4	81.7	45.3	74.2	86.4
5031	22.5	55	155.4	82.7	48.3	72.0	88.4
5032	22.5	44	154.4	81.7	48.5	57.7	76.4
5033	24.5	50	157.4	81.8	50.5	67.0	84.4
5034	24.5	55	159.4	86.2	48.7	70.3	87.4
5036	22.5	55	167.4	91.2	50.8	69.8	83.4
5037	29.5	50	163.4	86.5	48.0	65.0	80.4
5038	25.5	55	168.4	94.2	49.0	69.0	84.4
5039	23.5	52	163.4	86.0	48.0	66.0	85.4
5040	33.5	50	161.4	81.6	50.5	68.5	81.4
5041	25.5	51	153.4	81.3	46.8	68.5	85.4
5042	26.5	47	158.4	79.0	46.7	71.0	80.4
5043	24.5	50	159.4	84.0	47.3	67.5	80.4
5044	30.5	42	150.4	79.5	44.0	63.5	77.4
5045	23.5	44	153.4	84.5	45.0	66.5	76.4
5046	21.5	47	158.4	83.3	48.3	65.5	80.4
5047	26.5	50	157.4	84.9	47.5	67.5	81.4
5048	26.5	45	151.4	78.5	45.5	67.0	77.4
5049	29.5	51	158.4	82.0	46.8	69.0	82.4
5050	21.5	46	153.4	87.0	43.8	66.5	82.4
5051	26.5	46	151.4	80.5	45.0	66.5	76.4
5053	22.5	50	162.4	80.5	47.5	65.0	81.4
5054	24.5	45	157.4	86.9	47.2	62.0	81.4
5055	24.5	52	156.4	83.8	47.3	72.5	89.4
5056	24.5	50	155.4	82.9	45.2	66.0	80.4
5057	25.5	50	164.4	87.0	48.5	66.0	83.4
5058	21.5	50	158.4	85.7	47.2	66.0	86.4
5059	24.5	49	147.4	80.3	42.3	65.5	79.4
5060	28.5	46	159.4	84.3	47.5	64.0	80.4
5061	22.5	50	156.4	82.7	46.6	66.0	83.4
5062	24.5	55	159.4	87.7	47.7	72.0	87.4
5063	23.5	50	158.4	85.5	47.5	65.0	83.4
5064	26.5	39	151.4	79.5	42.0	65.0	74.4
5065	20.5	52	162.4	86.0	48.5	70.0	83.4
5066	26.5	44	150.4	78.2	45.2	63.8	78.4
5067	22.5	54	158.4	84.7	48.2	68.5	86.4
5068	21.5	50	154.4	79.5	46.0	68.5	81.4
5069	23.5	45	153.4	81.0	44.0	61.0	80.4
5070	24.5	59	169.4	88.5	49.5	70.0	87.4
5071	26.5	47	157.4	81.3	47.0	68.3	82.4
5072	22.5	49	168.4	84.5	52.2	60.5	80.4
5073	24.5	54	158.4	85.5	47.8	70.0	83.4
5074	38.5	48	159.4	87.5	47.3	66.0	79.4
5075	41.5	56	163.4	84.6	49.3	69.2	74.4
5076	39.5	58	161.4	82.5	49.5	76.0	89.4
5077	26.5	51	149.4	77.5	48.5	69.2	83.4
5078	26.5	51	161.4	82.0	51.4	69.5	84.4
5079	26.5	55	156.4	81.0	46.8	73.0	86.4
5080	23.5	51	163.4	87.5	50.1	65.2	82.4
5081	22.5	52	151.4	80.5	45.0	72.0	86.4
5082	26.5	52	164.4	88.0	45.5	65.5	84.4
5083	27.5	50	157.4	81.5	47.0	69.0	84.4
5084	35.5	57	170.4	90.0	46.5	74.5	86.4
5085	26.5	52	158.4	81.5	46.0	67.2	82.4
5086	22.5	54	151.4	80.9	45.9	71.0	88.4
5087	21.5	46	154.4	82.3	46.5	64.0	78.4
5088	32.5	49	161.4	88.5	46.4	64.0	80.4
5089	26.5	51	162.4	87.5	47.9	65.3	84.4
5090	26.5	55	167.4	90.9	46.9	69.0	82.4
5091	22.5	50	162.4	89.5	46.8	66.5	84.4
5093	25.5	47	162.4	81.2	49.5	68.0	77.4
5094	21.5	57	162.4	84.3	50.2	74.0	88.4
5095	24.5	55	164.4	85.7	49.3	73.0	82.4
5096	21.5	45	154.4	78.8	44.0	64.0	81.4
5097	26.5	53	165.4	91.4	49.3	64.4	85.4
5098	26.5	65	168.4	89.7	52.4	75.6	90.4
5099	26.5	43	152.4	82.3	48.5	65.2	80.4
5100	28.5	53	157.4	88.2	47.7	66.5	82.4
5101	22.5	45	150.4	81.5	45.8	62.5	78.4
5102	26.5	47	153.4	83.4	44.3	63.5	80.4
5103	24.5	49	160.4	85.0	48.5	64.5	79.4
5104	19.5	45	161.4	84.0	47.5	67.0	79.4
5105	32.5	44	158.4	77.8	47.4	62.5	80.4
5106	23.5	57	160.4	84.8	47.6	79.0	88.4
5107	20.5	49	162.4	85.5	47.0	65.0	82.4
5108	26.5	46	156.4	81.0	45.7	63.0	80.4
5109	23.5	42	152.4	79.5	46.5	61.0	79.4
5110	39.5	47	157.4	86.0	47.5	72.0	80.4
5111	21.5	57	166.4	88.9	50.3	72.5	84.4
5112	31.5	50	163.4	88.2	48.9	68.3	83.4
5113	26.5	57	165.4	88.8	49.5	70.0	90.4
5114	26.5	53	155.4	84.2	47.5	71.7	84.4
5115	37.5	60	157.4	85.5	46.8	80.5	92.4
5116	30.5	46	161.4	83.0	47.5	64.0	80.4
5117	21.5	47	153.4	85.2	43.8	65.1	80.4
5118	25.5	46	153.4	81.3	44.3	67.1	80.4
5119	24.5	55	162.4	84.9	48.7	65.7	85.4
5120	23.5	60	161.4	85.7	48.3	72.7	87.4
5121	23.5	57	163.4	86.7	48.7	70.9	87.4
5122	21.5	54	159.4	81.4	49.2	70.0	83.4
5123	23.5	54	161.4	87.5	48.5	73.7	85.4
5124	22.5	55	150.4	82.3	46.9	71.5	87.4
5125	25.5	45	152.4	82.1	43.9	65.5	77.4
5126	23.5	54	152.4	80.1	45.3	72.2	84.4
5127	22.5	50	160.4	79.8	49.3	68.2	79.4
5128	22.5	44	155.4	81.3	44.2	59.8	76.4
5129	22.5	54	163.4	84.8	49.5	69.0	80.4
5130	21.5	57	156.4	85.1	47.9	73.2	90.4
5131	24.5	50	163.4	85.5	47.3	67.0	81.4
5132	23.5	54	163.4	82.3	49.5	65.0	83.4
5133	26.5	47	158.4	83.2	47.7	65.5	79.4
5134	22.5	50	158.4	82.5	46.8	64.2	81.4
5135	23.5	51	153.4	81.5	47.5	69.0	85.4
5136	21.5	48	160.4	85.2	45.8	59.8	79.4
5137	32.5	46	158.4	83.0	46.6	65.8	79.4
5138	21.5	46	159.4	87.5	48.3	62.2	79.4
5139	25.5	48	157.4	83.1	47.1	64.3	76.4
5140	24.5	54	165.4	86.9	49.4	67.0	83.4
5141	23.5	45	151.4	78.3	45.5	67.0	76.4
5142	23.5	47	155.4	79.7	46.0	61.0	79.4
5143	22.5	51	157.4	83.0	46.5	67.0	83.4
5144	22.5	49	161.4	81.3	49.2	64.0	81.4
5145	27.5	49	157.4	78.0	45.0	66.5	79.4
5146	21.5	45	151.4	77.5	45.5	65.0	80.4
5147	26.5	49	157.4	82.5	47.5	67.0	82.4
5148	30.5	51	160.4	81.8	47.0	72.5	82.4
5149	24.5	51	162.4	83.0	47.5	67.0	82.4
5150	30.5	45	157.4	85.3	46.5	64.0	79.4
5151	21.5	52	155.4	81.5	49.0	68.0	84.4
5152	20.5	53	160.4	85.8	47.3	66.0	86.4
5153	22.5	49	155.4	85.1	45.0	67.0	80.4
5154	21.5	53	165.4	85.5	48.0	68.0	84.4
5155	24.5	43	148.4	78.5	44.0	62.0	76.4
5156	28.5	50	164.4	85.0	48.0	65.0	82.4
5157	24.5	45	162.4	84.5	46.2	63.0	78.4
5158	24.5	54	158.4	83.5	47.3	69.0	84.4
5159	26.5	50	168.4	87.1	50.7	63.5	82.4
5160	21.5	49	158.4	81.0	50.0	61.5	80.4
5162	23.5	55	158.4	82.5	48.5	71.0	83.4
5163	26.5	45	159.4	80.3	47.5	64.5	77.4
5164	33.5	43	165.4	80.5	47.0	66.0	75.4
5165	32.5	50	160.4	86.2	48.7	63.0	80.4
5166	34.5	51	163.4	81.4	48.7	65.5	80.4
5167	34.5	55	160.4	86.1	47.3	73.0	86.4
5168	29.5	51	161.4	82.0	47.0	71.0	83.4
5169	23.5	47	160.4	84.8	45.7	64.0	82.4
5170	32.5	46	150.4	81.5	43.0	67.5	78.4
5171	26.5	58	162.4	85.5	48.5	68.0	86.4
5172	23.5	47	154.4	82.0	46.5	67.0	82.4
5173	25.5	42	153.4	78.1	47.2	59.0	78.4
5174	31.5	60	169.4	86.8	49.5	73.0	87.4
5175	28.5	42	154.4	80.5	46.2	59.2	77.4
5176	35.5	50	157.4	85.1	46.8	64.0	84.4
5177	37.5	44	156.4	83.2	47.0	64.0	77.4
5178	34.5	58	166.4	90.8	48.5	74.0	85.4
5179	28.5	46	156.4	85.3	48.2	65.5	81.4
5180	25.5	67	164.4	88.5	48.0	82.5	94.4
5181	34.5	45	155.4	84.0	45.7	66.3	80.4
5182	32.5	52	168.4	86.7	50.5	68.8	83.4
5183	42.5	59	169.4	84.0	50.8	76.0	89.4
5184	25.5	47	156.4	87.3	45.9	63.1	84.4
5185	38.5	54	171.4	85.3	51.8	62.5	84.4
5186	27.5	50	161.4	83.0	48.0	64.0	80.4
5187	33.5	53	163.4	85.7	49.7	66.0	73.4
5188	29.5	47	158.4	85.0	48.6	65.0	80.4
5189	29.5	47	161.4	88.0	47.0	63.0	82.4
5190	31.5	54	156.4	84.5	46.0	71.0	83.4
5191	30.5	52	167.4	87.5	46.5	66.5	81.4
5192	37.5	49	157.4	85.5	46.0	66.0	80.4
5193	37.5	46	157.4	82.3	46.2	69.0	81.4
5194	38.5	57	166.4	90.8	49.0	70.0	87.4
5195	26.5	57	163.4	83.0	50.3	74.5	85.4
5196	27.5	57	155.4	85.5	47.0	76.0	88.4
5197	27.5	42	155.4	85.5	44.5	64.0	79.4
5198	27.5	45	164.4	88.2	48.0	59.0	77.4
5199	38.5	58	157.4	90.0	44.5	81.0	87.4
5200	40.5	52	163.4	85.3	48.6	66.5	81.4
5201	29.5	55	161.4	86.0	49.0	72.0	82.4
5202	34.5	47	155.4	84.5	45.0	73.0	83.4
5203	26.5	48	160.4	86.7	47.5	65.5	79.4
5204	38.5	47	156.4	81.5	46.0	67.0	77.4
5205	37.5	45	157.4	83.5	46.5	67.0	77.4
5206	39.5	50	162.4	87.5	47.0	65.0	81.4
5207	33.5	50	160.4	84.8	48.3	64.0	81.4
5208	38.5	48	162.4	87.5	46.3	67.5	79.4
5209	36.5	59	169.4	84.5	55.0	74.0	82.4
5210	29.5	49	158.4	83.5	47.1	69.5	82.4
5211	21.5	50	161.4	86.0	47.5	66.5	81.4
5212	24.5	60	169.4	87.5	51.8	69.5	85.4
5213	29.5	52	166.4	87.7	50.5	62.0	82.4
5214	28.5	49	170.4	86.7	54.2	63.2	82.4
5215	39.5	52	161.4	85.7	49.0	68.0	82.4
5216	31.5	50	165.4	84.7	48.7	68.0	81.4
5217	40.5	41	159.4	84.7	46.9	62.0	77.4
5218	38.5	52	164.4	89.5	48.4	70.2	83.4
5219	31.5	47	161.4	87.5	47.2	65.5	78.4
5220	43.5	45	157.4	81.0	48.2	65.8	81.4
5221	38.5	50	169.4	89.1	51.3	58.8	80.4
5222	38.5	43	156.4	82.5	46.7	65.5	77.4
5223	40.5	42	150.4	81.0	42.7	66.0	77.4
5224	28.5	57	169.4	84.2	52.4	70.3	85.4
5225	39.5	49	155.4	80.4	46.8	66.0	78.4
5226	30.5	34	158.4	84.9	46.2	53.5	73.4
5227	28.5	57	165.4	92.5	46.9	68.4	86.4
5228	39.5	49	162.4	80.5	49.5	68.5	81.4
5229	31.5	48	157.4	84.2	46.0	64.0	80.4
5230	31.5	50	166.4	86.5	49.0	66.0	79.4
5231	39.5	55	163.4	87.5	47.0	70.5	86.4
5232	35.5	53	171.4	89.0	52.0	67.0	80.4
5233	31.5	50	157.4	84.5	45.0	70.0	83.4
5234	34.5	73	174.4	87.7	52.9	87.0	95.4
5235	33.5	45	158.4	80.0	45.5	66.0	78.4
5236	38.5	56	167.4	90.0	49.8	72.5	85.4
5237	38.5	71	167.4	89.7	51.1	85.5	96.4
5238	32.5	50	154.4	86.0	45.5	72.0	81.4
5239	29.5	45	149.4	78.5	43.5	66.0	81.4
5240	30.5	51	160.4	86.3	45.8	66.0	84.4
5241	27.5	54	164.4	90.5	48.7	65.5	86.4
5242	34.5	42	151.4	83.5	48.3	64.7	78.4
5243	36.5	68	165.4	87.5	49.9	78.0	95.4
5244	35.5	55	160.4	83.2	47.2	73.8	85.4
5245	37.5	53	162.4	84.8	49.2	70.8	84.4
5246	34.5	60	166.4	89.2	51.2	79.0	96.4
5247	43.5	63	163.4	88.5	47.1	75.0	85.4
5248	33.5	53	165.4	88.2	50.2	69.2	84.4
5249	38.5	65	161.4	86.3	46.5	82.2	94.4
5250	29.5	45	157.4	83.3	48.9	65.6	81.4
5251	37.5	45	155.4	82.2	45.5	65.2	79.4
5252	34.5	57	166.4	91.4	47.9	67.5	84.4
5253	37.5	50	166.4	88.0	50.5	78.3	85.4
5254	36.5	56	166.4	90.5	48.5	71.0	85.4
5255	29.5	42	156.4	84.3	47.3	59.5	76.4
5256	33.5	50	166.4	86.2	48.7	62.0	83.4
5257	37.5	48	157.4	86.5	45.9	64.0	79.4
5258	33.5	60	169.4	91.0	50.5	75.5	85.4
5259	27.5	47	165.4	90.5	48.0	64.0	83.4
5260	39.5	55	161.4	83.4	48.9	72.8	85.4
5261	35.5	47	160.4	81.5	47.8	65.8	77.4
5262	32.5	55	166.4	90.3	49.2	65.2	83.4
5263	39.5	54	160.4	86.2	47.5	69.0	88.4
5264	47.5	45	155.4	81.5	46.6	65.0	78.4
5265	45.5	60	170.4	89.0	50.5	72.2	88.4
5266	30.5	50	155.4	80.9	47.2	65.5	83.4
5267	45.5	47	164.4	86.5	49.1	66.8	80.4
5268	34.5	65	166.4	94.7	48.7	76.0	92.4
5269	36.5	55	161.4	84.0	47.1	73.0	85.4
5270	42.5	63	160.4	88.5	46.5	77.0	90.4
5271	39.5	49	163.4	86.5	49.5	65.3	82.4
5272	36.5	49	166.4	88.0	48.4	65.0	83.4
5273	41.5	57	152.4	82.7	45.6	76.0	89.4
5274	37.5	66	170.4	91.1	48.5	78.0	92.4
5275	22.5	50	164.4	87.0	49.5	66.0	83.4
5276	40.5	58	156.4	82.2	47.5	80.0	88.4
5277	28.5	55	164.4	88.1	48.9	67.0	86.4
5278	34.5	55	162.4	81.3	48.9	71.0	82.4
5279	21.5	56	165.4	87.0	50.0	70.0	86.4
5280	35.5	45	159.4	82.0	48.1	64.2	77.4
5281	25.5	59	164.4	87.5	50.3	76.2	87.4
5282	37.5	60	164.4	90.5	47.5	73.4	89.4
5283	36.5	47	161.4	85.7	48.3	62.6	82.4
5284	28.5	47	165.4	89.7	48.2	66.0	86.4
5285	40.5	69	168.4	91.0	51.5	84.0	93.4
5286	35.5	51	167.4	84.8	46.8	71.6	84.4
5287	32.5	45	149.4	80.0	46.6	69.0	78.4
5288	38.5	57	156.4	85.3	46.7	72.0	88.4
5289	34.5	55	169.4	88.7	49.9	65.0	84.4
5290	32.5	52	165.4	87.8	49.0	67.0	85.4
5291	38.5	49	160.4	85.0	48.5	64.0	82.4
5292	41.5	56	168.4	84.0	51.4	79.0	94.4
5293	34.5	66	166.4	91.0	48.7	79.9	91.4
5294	32.5	50	160.4	86.2	48.3	66.0	79.4
5295	46.5	41	156.4	81.1	48.0	64.5	76.4
5296	45.5	54	164.4	89.6	50.5	70.0	85.4
5297	27.5	55	161.4	88.2	48.9	67.5	85.4
5298	43.5	48	151.4	78.8	45.3	73.0	81.4
5299	42.5	52	168.4	86.5	50.5	67.5	82.4
5300	34.5	43	152.4	83.8	43.8	59.3	79.4
5301	37.5	59	159.4	84.7	48.5	73.0	90.4
5302	37.5	42	155.4	85.1	46.3	62.7	77.4
5303	21.5	46	156.4	85.5	46.2	67.0	81.4
6001	22.5	52	160.4	89.0	47.0	73.0	84.4
6002	22.5	60	163.4	87.7	49.8	71.0	90.4
6003	22.5	53	163.4	86.8	50.4	73.2	82.4
6004	21.5	49	158.4	86.4	47.0	65.5	81.4
6005	21.5	54	160.4	84.9	49.0	68.8	86.4
6006	22.5	57	167.4	82.8	54.9	70.0	85.4
6007	21.5	50	156.4	81.8	47.1	66.3	81.4
6008	26.5	49	153.4	79.2	47.5	67.5	87.4
6009	26.5	51	154.4	82.0	45.5	73.5	82.4
6010	21.5	45	153.4	82.7	44.5	63.5	83.4
6011	26.5	51	159.4	86.2	46.9	69.0	84.4
6012	25.5	51	172.4	88.1	52.1	68.5	85.4
6013	26.5	50	155.4	84.9	47.0	74.0	86.4
6014	21.5	50	159.4	84.7	47.3	66.3	84.4
6015	22.5	47	155.4	83.9	45.7	68.5	82.4
6016	21.5	45	155.4	79.5	46.0	66.0	81.4
6017	21.5	45	158.4	84.9	46.1	63.5	82.4
6018	21.5	47	157.4	84.5	47.3	64.7	84.4
6019	21.5	45	152.4	82.0	45.3	64.6	81.4
6020	21.5	42	156.4	80.5	46.5	59.4	80.4
6021	21.5	50	160.4	83.3	50.4	65.6	83.4
6022	21.5	55	170.4	85.2	51.8	68.5	87.4
6023	22.5	51	163.4	88.5	46.3	68.0	85.4
6024	21.5	44	144.4	80.3	41.3	67.0	81.4
6025	21.5	51	155.4	83.2	46.0	70.5	87.4
6026	22.5	48	156.4	82.5	46.5	73.4	82.4
6027	24.5	49	166.4	88.7	49.1	69.0	82.4
6028	21.5	45	150.4	78.7	44.2	65.0	83.4
6029	22.5	53	161.4	86.2	46.7	68.1	86.4
6030	22.5	54	159.4	84.8	47.1	67.5	86.4
6031	21.5	42	154.4	83.5	45.1	62.7	79.4
6032	21.5	57	165.4	87.3	49.7	71.1	87.4
6033	21.5	45	156.4	83.3	46.1	67.4	78.4
6034	23.5	56	168.4	89.9	52.5	72.6	84.4
6035	24.5	57	164.4	86.2	49.1	69.0	85.4
6036	22.5	53	156.4	85.5	48.5	68.5	82.4
6037	21.5	50	156.4	84.2	47.3	69.0	84.4
6038	21.5	58	170.4	89.2	53.2	70.8	85.4
6039	23.5	50	152.4	80.7	45.7	67.6	82.4
6040	21.5	45	150.4	80.9	46.0	68.6	76.4
6041	22.5	52	166.4	86.8	50.9	65.6	81.4
6042	23.5	55	157.4	82.9	48.3	76.8	86.4
6043	23.5	44	153.4	85.0	44.2	68.0	77.4
6044	22.5	45	153.4	84.1	45.7	63.9	78.4
6045	21.5	56	163.4	86.0	48.0	71.0	85.4
6046	21.5	47	162.4	88.0	47.5	66.5	82.4
6047	21.5	58	160.4	84.7	49.5	78.0	92.4
6048	21.5	52	160.4	84.5	48.9	69.0	84.4
6049	26.5	42	160.4	82.5	48.5	68.0	78.4
6050	21.5	58	165.4	85.0	50.0	70.0	83.4
6051	23.5	45	158.4	83.7	43.5	63.5	79.4
6052	26.5	45	153.4	81.9	45.2	66.0	79.4
6053	22.5	45	150.4	85.0	43.0	65.0	80.4
6054	21.5	57	161.4	88.0	49.1	70.5	86.4
6055	21.5	47	156.4	82.2	45.8	66.5	80.4
6056	21.5	47	156.4	85.0	45.0	68.0	79.4
6057	21.5	50	160.4	82.0	47.5	70.5	80.4
6058	22.5	55	163.4	89.0	49.0	70.0	83.4
6059	21.5	49	160.4	82.0	47.5	67.0	80.4
6060	21.5	44	157.4	84.1	47.8	62.0	80.4
6061	21.5	56	163.4	89.0	48.0	69.0	87.4
6062	21.5	41	158.4	83.7	48.2	63.0	75.4
6063	21.5	56	168.4	92.5	49.7	68.0	83.4
6064	23.5	47	156.4	81.4	46.5	67.0	78.4
6065	26.5	50	160.4	87.3	45.0	69.0	80.4
6066	21.5	49	156.4	82.0	45.5	63.2	80.4
6067	25.5	47	150.4	81.5	46.0	67.0	78.4
6068	23.5	55	167.4	85.8	52.3	68.5	84.4
6069	20.5	49	160.4	86.0	50.2	70.0	86.4
6070	23.5	60	162.4	87.2	49.2	75.0	88.4
6071	21.5	47	158.4	86.2	46.4	62.8	83.4
6072	22.5	47	163.4	85.3	48.5	63.5	81.4
6073	21.5	46	158.4	87.0	45.3	62.8	80.4
6074	21.5	59	164.4	85.3	48.8	73.0	85.4
6075	21.5	50	153.4	83.9	45.5	69.7	81.4
6076	21.5	50	158.4	84.9	47.5	69.5	82.4
6077	21.5	54	160.4	87.5	49.5	74.2	83.4
6078	26.5	52	156.4	84.3	46.5	72.5	83.4
6079	21.5	48	161.4	86.5	47.2	66.3	82.4
6080	23.5	53	164.4	85.5	51.0	68.9	83.4
6081	21.5	55	157.4	82.5	47.4	74.0	84.4
6082	24.5	47	154.4	81.5	47.5	68.5	79.4
6083	20.5	43	156.4	83.2	47.2	61.0	77.4
6084	21.5	48	154.4	82.8	45.4	70.3	82.4
6085	22.5	47	162.4	86.1	47.0	63.2	81.4
6086	26.5	42	154.4	83.5	46.8	68.0	79.4
6087	21.5	52	163.4	85.0	51.8	74.3	90.4
6088	23.5	54	160.4	87.8	47.5	69.5	86.4
6089	24.5	52	164.4	88.0	49.5	64.0	83.4
6090	26.5	50	161.4	84.2	47.9	66.0	81.4
6091	26.5	50	159.4	87.0	48.5	66.0	84.4
6092	21.5	52	168.4	87.6	51.2	65.8	83.4
6093	25.5	46	158.4	87.5	48.7	64.8	80.4
6094	21.5	55	160.4	83.5	50.5	73.2	85.4
6095	23.5	51	165.4	85.0	52.3	67.5	83.4
6096	22.5	41	158.4	86.0	46.0	60.5	78.4
6097	21.5	51	163.4	87.4	48.5	67.8	82.4
6098	21.5	52	152.4	82.0	46.2	70.8	82.4
6099	21.5	46	162.4	85.3	50.5	62.3	78.4
6100	21.5	43	152.4	82.0	45.2	65.5	81.4
6101	21.5	46	159.4	85.9	47.3	66.0	79.4
6102	26.5	46	161.4	80.0	50.0	63.8	79.4
6103	21.5	43	158.4	88.3	47.5	62.5	81.4
6104	21.5	53	161.4	86.5	47.6	73.8	89.4
6105	21.5	53	158.4	87.5	47.2	65.3	84.4
6106	22.5	43	157.4	82.4	47.7	60.8	78.4
6107	22.5	53	165.4	87.0	49.0	66.0	80.4
6108	21.5	52	158.4	83.2	46.9	72.8	82.4
6109	21.5	54	163.4	88.3	49.5	68.0	84.4
6110	21.5	55	159.4	79.3	47.5	74.0	88.4
6111	19.5	41	154.4	84.0	45.0	60.0	80.4
6112	21.5	51	158.4	84.2	47.3	69.5	84.4
6113	26.5	59	161.4	84.1	47.5	73.5	88.4
6114	23.5	50	162.4	85.5	49.2	64.5	84.4
6115	21.5	40	151.4	82.5	44.8	60.5	78.4
6116	22.5	47	149.4	79.8	45.0	69.0	85.4
6117	21.5	51	160.4	85.1	47.7	69.2	85.4
6118	23.5	54	156.4	83.8	46.1	73.6	86.4
6119	21.5	44	149.4	77.5	44.1	63.3	79.4
6120	26.5	54	157.4	83.5	46.0	70.5	86.4
6121	26.5	42	153.4	82.2	44.3	65.0	79.4
6122	24.5	45	152.4	79.3	48.8	63.5	78.4
6123	21.5	40	145.4	77.0	44.2	62.7	79.4
6124	21.5	41	154.4	86.7	46.2	60.0	81.4
6125	24.5	54	161.4	87.5	48.5	69.0	84.4
6126	21.5	45	153.4	81.9	45.5	64.0	83.4
6127	21.5	45	156.4	83.0	45.9	63.2	81.4
6128	21.5	50	154.4	84.5	45.5	69.0	84.4
6129	21.5	45	153.4	80.4	45.2	65.0	79.4
6130	21.5	57	162.4	85.6	49.0	69.0	86.4
6131	23.5	56	156.4	82.0	44.5	69.0	87.4
6132	23.5	42	153.4	82.5	44.0	63.0	78.4
6133	21.5	55	162.4	85.0	49.0	73.0	85.4
6134	21.5	48	159.4	83.0	47.5	67.0	82.4
6135	21.5	52	147.4	82.7	44.2	71.5	86.4
6136	21.5	52	159.4	83.5	47.2	69.0	81.4
6137	26.5	44	154.4	85.0	45.0	63.0	80.4
6138	21.5	42	161.4	86.4	47.4	62.0	76.4
6139	21.5	48	158.4	83.5	47.7	65.0	81.4
6140	24.5	48	156.4	81.7	47.2	68.0	80.4
6141	23.5	53	160.4	85.3	48.0	71.0	85.4
6142	23.5	47	160.4	84.2	46.8	64.0	83.4
6143	26.5	46	161.4	83.3	48.2	64.0	82.4
6144	26.5	58	172.4	93.5	51.0	71.0	83.4
6145	25.5	46	162.4	88.0	47.5	64.0	82.4
6146	24.5	54	164.4	86.0	49.0	70.0	84.4
6147	25.5	51	160.4	82.7	47.0	70.0	82.4
6148	21.5	49	163.4	84.5	45.2	66.0	81.4
6149	26.5	43	156.4	85.5	46.0	65.0	79.4
6150	21.5	50	158.4	86.0	46.4	67.0	82.4
6151	25.5	53	158.4	87.0	47.0	70.0	84.4
6152	24.5	52	150.4	82.4	44.5	71.0	81.4
6153	21.5	51	151.4	83.5	45.0	71.0	83.4
6154	22.5	44	154.4	80.8	44.5	66.0	79.4
6155	21.5	47	161.4	81.0	48.7	68.0	80.4
6156	21.5	46	157.4	82.7	47.3	65.5	80.4
6157	21.5	45	153.4	80.3	45.0	64.5	80.4
6158	21.5	39	149.4	84.0	43.5	60.5	76.4
6159	21.5	46	159.4	78.9	46.5	63.0	81.4
6160	21.5	53	167.4	84.2	52.4	65.3	83.4
6161	21.5	50	166.4	89.9	50.5	66.0	82.4
6162	21.5	46	157.4	83.9	48.5	62.8	80.4
6163	21.5	49	156.4	85.4	47.8	64.7	80.4
6164	21.5	54	167.4	86.7	51.2	68.2	83.4
6165	24.5	44	164.4	91.4	48.6	60.0	80.4
6166	24.5	50	163.4	89.4	48.6	63.7	80.4
6167	26.5	55	161.4	82.5	49.0	71.2	84.4
6168	21.5	48	163.4	86.0	50.5	62.8	81.4
6169	26.5	47	152.4	81.5	45.2	62.8	79.4
6170	21.5	54	161.4	83.3	49.2	68.9	81.4
6172	21.5	41	149.4	82.3	42.3	60.5	77.4
6173	21.5	52	161.4	90.3	48.5	69.5	83.4
6174	22.5	51	157.4	83.5	47.5	65.9	84.4
6175	26.5	54	165.4	89.5	48.7	69.8	74.4
6176	23.5	49	158.4	82.4	47.8	65.8	82.4
6177	26.5	50	152.4	82.5	46.7	71.4	81.4
6178	21.5	49	157.4	83.5	46.5	65.6	82.4
6179	21.5	52	159.4	83.7	48.2	66.2	87.4
6180	23.5	50	157.4	85.2	44.9	69.4	83.4
6181	24.5	45	159.4	83.7	47.7	63.0	79.4
6182	22.5	44	151.4	81.2	46.0	65.0	80.4
6183	21.5	53	162.4	87.1	49.3	72.2	87.4
6184	26.5	50	158.4	83.9	47.5	64.0	82.4
6185	22.5	47	158.4	88.5	45.7	64.5	85.4
6186	26.5	54	165.4	88.4	49.5	65.7	83.4
6187	23.5	46	158.4	85.1	46.4	61.4	82.4
6188	21.5	47	158.4	87.3	45.1	67.4	83.4
6189	23.5	45	159.4	82.8	47.7	68.5	77.4
6190	21.5	50	152.4	84.2	46.0	70.5	83.4
6191	21.5	58	171.4	86.7	52.8	70.0	86.4
6192	21.5	48	162.4	88.0	48.5	66.7	82.4
6193	21.5	45	157.4	81.6	48.0	67.0	79.4
6194	21.5	47	158.4	81.6	47.8	65.5	81.4
6195	21.5	49	158.4	84.0	48.5	66.6	84.4
6196	21.5	48	156.4	79.5	46.5	69.0	82.4
6197	25.5	43	160.4	86.0	46.0	62.0	78.4
6198	25.5	47	161.4	89.2	47.5	64.0	82.4
6199	22.5	47	162.4	91.1	46.0	64.5	79.4
6200	23.5	47	159.4	82.0	46.6	69.0	82.4
6201	21.5	50	156.4	84.7	45.2	66.0	82.4
6202	22.5	46	149.4	80.6	44.5	70.0	80.4
6203	21.5	53	156.4	84.0	44.1	71.0	84.4
6204	21.5	49	159.4	84.2	44.0	66.0	81.4
6205	27.5	51	160.4	87.3	46.5	68.5	83.4
6206	21.5	57	170.4	89.4	49.2	66.0	86.4
6207	21.5	54	166.4	87.2	49.9	65.0	83.4
6208	26.5	46	163.4	85.7	48.5	61.5	79.4
6209	21.5	51	155.4	84.7	46.7	65.5	83.4
6210	22.5	47	151.4	81.1	46.5	66.4	86.4
6211	22.5	58	167.4	88.9	49.1	67.4	87.4
6212	21.5	52	160.4	84.3	48.3	66.9	85.4
6213	24.5	43	151.4	80.4	44.4	62.0	79.4
6214	30.5	44	155.4	80.7	49.2	62.2	75.4
6215	21.5	50	157.4	82.5	48.0	70.0	83.4
7001	20.5	42	158.4	84.5	47.2	58.0	77.4
7002	22.5	45	150.4	82.5	44.2	68.5	81.4
7003	32.5	73	152.4	83.7	47.8	88.5	100.4
7004	24.5	56	166.4	89.9	51.2	68.6	84.4
7005	22.5	65	177.4	92.5	47.9	66.4	92.4
7006	22.5	44	154.4	81.3	45.4	56.8	85.4
7007	25.5	45	152.4	83.6	43.2	65.5	80.4
7008	21.5	54	163.4	80.8	48.5	67.8	86.4
7009	22.5	55	164.4	88.1	48.1	69.0	84.4
7010	25.5	53	157.4	85.1	45.9	68.2	82.4
7011	34.5	41	148.4	78.6	43.8	65.8	76.4
7012	25.5	49	153.4	76.5	46.9	68.2	81.4
7013	21.5	49	159.4	83.2	46.9	68.0	80.4
7014	21.5	51	168.4	86.2	51.8	67.5	81.4
7015	24.5	48	159.4	84.0	45.3	64.8	80.4
7016	35.5	40	147.4	78.2	44.2	65.4	76.4
7017	18.5	49	160.4	87.9	45.9	65.7	85.4
7018	24.5	55	151.4	84.6	44.0	77.0	86.4
7019	21.5	45	160.4	86.0	45.5	60.0	82.4
7020	23.5	58	162.4	87.9	49.5	72.0	89.4
7021	24.5	60	160.4	85.8	47.8	63.0	81.4
7022	24.5	40	145.4	78.5	42.9	63.5	75.4
7023	24.5	47	160.4	86.0	47.0	65.5	82.4
7024	22.5	53	164.4	90.0	49.0	62.5	80.4
7025	30.5	53	166.4	88.5	47.5	67.0	87.4
7026	22.5	54	164.4	89.0	48.5	65.5	83.4
7027	23.5	48	153.4	80.5	46.5	65.3	80.4
7028	23.5	51	156.4	80.0	46.3	70.2	84.4
7029	23.5	49	161.4	82.2	49.1	64.3	79.4
7030	22.5	55	162.4	89.0	47.6	68.0	83.4
7031	23.5	52	158.4	88.6	45.0	67.7	85.4
7032	25.5	40	153.4	83.0	44.5	64.5	75.4
7033	23.5	45	163.4	84.8	49.5	66.0	80.4
7034	22.5	41	149.4	79.3	45.2	61.5	76.4
7035	23.5	47	165.4	90.2	48.2	63.2	84.4
7036	23.5	40	146.4	78.1	42.4	65.4	80.4
7037	26.5	47	161.4	81.0	50.8	61.5	77.4
7038	33.5	53	169.4	87.5	48.9	75.0	83.4
7039	23.5	52	161.4	85.0	47.0	66.5	81.4
7040	23.5	58	165.4	87.0	50.5	71.0	87.4
7041	29.5	67	171.4	90.3	52.4	75.0	91.4
7042	22.5	48	154.4	81.5	45.5	66.0	80.4
7043	19.5	58	162.4	84.0	50.9	74.0	85.4
7044	18.5	49	164.4	82.8	51.1	62.8	78.4
7045	22.5	50	164.4	83.8	48.8	59.6	79.4
7046	24.5	47	151.4	84.0	41.8	61.0	80.4
7047	24.5	51	164.4	88.2	45.7	64.0	82.4
7048	33.5	52	163.4	89.0	48.5	69.3	87.4
7049	24.5	49	154.4	79.1	45.7	66.7	82.4
7050	31.5	44	152.4	82.1	43.9	66.0	82.4
7051	23.5	47	149.4	79.1	45.7	69.2	80.4
7052	25.5	46	159.4	86.3	47.2	66.0	78.4
7053	22.5	45	154.4	81.5	44.8	63.5	77.4
7054	21.5	50	157.4	84.9	46.3	68.5	79.4
7055	22.5	43	151.4	79.5	44.0	64.0	75.4
7056	23.5	46	154.4	82.3	45.8	65.5	79.4
7057	22.5	47	162.4	88.2	47.5	65.0	83.4
7058	28.5	45	149.4	80.2	43.0	66.0	78.4
7059	20.5	56	165.4	89.5	49.0	69.0	83.4
7060	24.5	50	164.4	84.5	51.3	67.0	81.4
7061	24.5	45	158.4	85.8	46.6	65.0	79.4
7062	19.5	45	153.4	79.3	47.7	61.0	78.4
7063	30.5	51	160.4	85.0	48.5	69.0	83.4
7064	22.5	45	151.4	80.5	45.5	61.5	81.4
7065	22.5	52	160.4	87.0	48.5	66.5	84.4
7066	21.5	54	157.4	80.0	47.3	74.0	84.4
7067	27.5	58	173.4	82.0	54.5	70.3	84.4
7068	22.5	49	160.4	81.5	49.0	66.0	80.4
7069	23.5	45	158.4	82.6	47.1	62.7	78.4
7070	27.5	46	154.4	80.5	46.3	62.8	76.4
7071	21.5	53	162.4	81.7	46.2	67.8	81.4
7072	23.5	55	158.4	82.1	48.0	69.0	84.4
7073	25.5	43	154.4	81.5	45.0	62.5	77.4
7074	23.5	46	159.4	82.4	48.0	65.0	80.4
7075	21.5	43	154.4	82.2	45.8	56.5	78.4
7076	27.5	50	159.4	82.7	47.4	62.0	83.4
7077	26.5	50	157.4	86.5	46.0	63.0	81.4
7078	20.5	57	163.4	84.0	48.0	71.0	86.4
7079	21.5	45	154.4	77.8	46.7	63.0	79.4
7080	24.5	60	170.4	88.1	53.4	76.5	86.4
7081	23.5	52	160.4	78.6	49.6	68.5	81.4
7082	20.5	54	167.4	84.5	50.5	69.0	84.4
7083	21.5	52	157.4	80.5	47.5	67.8	84.4
7084	24.5	53	163.4	84.7	46.9	67.7	82.4
7085	24.5	46	149.4	80.3	44.2	70.0	82.4
7086	21.5	53	167.4	86.7	50.8	65.0	83.4
7087	25.5	58	161.4	84.3	49.3	72.5	87.4
7088	24.5	51	159.4	83.8	47.7	67.2	80.4
7090	22.5	52	167.4	85.3	48.7	63.0	79.4
7091	23.5	50	152.4	80.7	45.9	70.0	83.4
7092	24.5	44	150.4	80.5	43.5	67.0	79.4
7093	23.5	50	150.4	84.8	45.3	65.0	83.4
7094	22.5	51	161.4	87.5	45.5	70.3	80.4
7095	22.5	45	152.4	79.3	43.4	61.0	77.4
7096	21.5	55	157.4	83.5	48.0	70.8	87.4
7097	22.5	52	159.4	85.7	47.0	65.0	81.4
7098	28.5	56	158.4	85.3	48.0	67.5	83.4
7099	24.5	48	160.4	82.2	47.0	61.0	81.4
7100	27.5	48	158.4	82.0	48.4	67.0	76.4
7101	23.5	48	162.4	84.0	49.0	63.0	78.4
7102	32.5	51	166.4	82.1	50.5	67.0	81.4
7103	29.5	58	172.4	88.9	51.9	70.0	85.4
7104	20.5	46	156.4	83.5	46.7	66.2	78.4
7105	25.5	50	169.4	85.2	50.4	66.2	82.4
7106	21.5	48	165.4	85.5	49.6	66.0	80.4
7107	25.5	50	169.4	87.7	52.5	66.5	81.4
7108	19.5	50	166.4	87.0	50.5	62.0	81.4
7109	34.5	72	160.4	83.9	48.8	88.0	95.4
7110	34.5	54	164.4	85.6	48.1	70.2	87.4
7111	26.5	54	162.4	87.0	48.6	64.0	80.4
7112	27.5	46	163.4	82.0	48.0	59.2	80.4
7113	22.5	55	154.4	86.6	44.5	66.0	84.4
7114	25.5	45	158.4	80.9	48.3	61.3	79.4
7115	24.5	53	165.4	89.0	48.7	67.5	83.4
7116	38.5	56	161.4	85.5	46.5	61.5	80.4
7117	26.5	44	153.4	83.7	45.5	62.0	79.4
7118	31.5	65	166.4	89.5	48.2	66.0	85.4
7119	24.5	49	162.4	82.0	49.7	64.8	80.4
7120	28.5	43	159.4	82.5	47.2	63.8	77.4
7121	25.5	44	154.4	83.0	44.6	62.2	78.4
7122	37.5	57	166.4	85.9	49.8	76.4	88.4
7123	32.5	55	161.4	85.7	48.7	70.5	85.4
7124	25.5	37	146.4	77.5	44.5	56.3	77.4
7125	26.5	42	156.4	84.3	45.7	64.6	79.4
7126	28.5	43	150.4	80.5	43.8	59.5	76.4
7127	29.5	55	155.4	81.5	46.0	68.0	85.4
7128	28.5	44	148.4	78.6	44.0	59.5	78.4
7129	28.5	41	155.4	82.1	46.8	59.0	72.4
7130	39.5	45	155.4	85.7	43.7	65.3	81.4
7131	30.5	56	158.4	84.9	48.2	71.5	85.4
7132	30.5	38	158.4	82.7	42.8	57.5	76.4
7133	35.5	40	151.4	80.5	45.3	63.0	77.4
7134	33.5	47	155.4	81.2	47.0	67.0	81.4
7135	25.5	54	166.4	84.5	50.5	68.0	84.4
7136	31.5	51	167.4	87.3	50.5	67.0	84.4
7138	26.5	41	148.4	79.0	42.0	63.0	76.4
7139	33.5	53	159.4	85.5	45.0	71.0	82.4
7140	31.5	45	150.4	82.6	46.8	60.5	79.4
7141	25.5	45	160.4	87.3	47.7	64.0	78.4
7142	23.5	42	156.4	85.5	45.6	59.5	79.4
7143	26.5	40	154.4	83.0	43.0	58.0	79.4
7144	24.5	59	165.4	87.3	48.7	73.5	88.4
7145	27.5	45	153.4	79.5	44.8	62.5	78.4
7146	36.5	41	157.4	79.3	45.9	63.0	78.4
7147	27.5	57	162.4	83.4	45.5	67.0	88.4
7148	37.5	47	154.4	82.0	44.3	65.5	80.4
7149	25.5	49	159.4	86.2	46.5	63.0	80.4
7151	25.5	53	161.4	82.6	48.0	67.0	80.4
7152	26.5	46	158.4	87.9	45.9	64.2	81.4
7153	25.5	55	163.4	87.4	48.9	68.5	86.4
7154	30.5	46	161.4	86.2	47.5	63.2	80.4
7155	28.5	49	165.4	84.7	47.9	63.5	83.4
7156	26.5	59	168.4	85.0	50.5	73.2	85.4
7157	25.5	55	162.4	86.1	48.5	68.7	86.4
7158	27.5	53	166.4	86.2	49.0	62.8	84.4
7159	27.5	53	160.4	82.4	46.6	68.8	80.4
7160	35.5	39	152.4	80.0	45.3	56.2	75.4
7161	27.5	59	160.4	87.6	48.0	70.8	90.4
7162	21.5	56	160.4	85.1	48.3	68.5	84.4
7163	32.5	44	153.4	81.5	45.8	66.0	79.4
7164	26.5	42	155.4	78.4	45.8	58.0	76.4
7165	24.5	54	161.4	83.5	45.7	72.0	85.4
7166	25.5	39	157.4	82.0	45.0	60.0	74.4
7167	26.5	45	160.4	82.5	46.0	61.0	79.4
7168	25.5	42	158.4	88.0	44.5	64.5	78.4
7169	29.5	72	169.4	91.0	48.8	81.0	94.4
7170	34.5	52	163.4	87.5	48.0	70.5	80.4
7171	29.5	50	155.4	84.0	44.0	67.5	84.4
7172	36.5	47	154.4	75.7	46.4	64.8	76.4
7173	33.5	55	156.4	79.5	46.7	69.0	88.4
7174	34.5	45	153.4	80.1	44.2	62.5	77.4
7175	27.5	50	162.4	84.6	49.2	65.0	84.4
7176	39.5	35	146.4	75.5	41.8	58.5	72.4
7177	36.5	45	153.4	82.0	44.6	70.0	80.4
7178	39.5	55	162.4	84.0	47.6	72.0	85.4
7179	36.5	40	154.4	81.1	46.2	57.8	83.4
7180	33.5	44	153.4	80.7	46.1	61.5	79.4
7181	32.5	41	153.4	80.2	45.0	63.0	78.4
7182	33.5	54	168.4	85.5	50.2	65.5	85.4
7183	31.5	44	161.4	84.8	48.2	60.8	78.4
7184	31.5	52	167.4	91.3	48.4	63.8	83.4
7185	32.5	52	166.4	90.2	50.1	67.8	85.4
7186	31.5	45	154.4	80.2	45.3	67.4	80.4
7187	29.5	52	176.4	92.5	51.6	62.5	82.4
7188	34.5	50	160.4	85.5	47.2	69.5	83.4
7189	31.5	47	152.4	83.3	45.3	67.5	83.4
7190	32.5	50	160.4	86.3	46.5	68.2	81.4
7191	33.5	55	162.4	83.6	47.5	69.0	84.4
7192	26.5	48	162.4	86.0	46.3	61.0	80.4
7193	31.5	57	163.4	83.5	48.8	77.0	87.4
7194	27.5	59	158.4	86.4	47.3	74.4	88.4
7195	29.5	49	164.4	83.3	51.2	69.0	82.4
7196	33.5	42	157.4	82.7	44.4	64.2	78.4
7197	33.5	58	171.4	94.9	49.7	70.0	88.4
7198	33.5	52	158.4	85.8	47.7	67.0	81.4
7199	27.5	41	145.4	79.0	42.5	63.5	76.4
7200	36.5	51	162.4	88.3	47.5	67.0	83.4
7201	26.5	55	164.4	88.5	46.2	67.5	86.4
7202	33.5	55	156.4	89.2	44.0	74.0	84.4
7203	28.5	52	158.4	83.3	47.5	68.0	82.4
7204	27.5	50	154.4	83.6	45.7	67.5	80.4
7205	29.5	52	167.4	90.0	48.0	64.0	82.4
7206	31.5	40	150.4	80.0	43.0	60.5	78.4
7207	39.5	46	161.4	87.5	46.8	68.0	77.4
7208	33.5	46	151.4	77.5	44.0	68.0	79.4
7209	30.5	49	153.4	83.5	45.0	65.0	82.4
7210	25.5	54	170.4	87.5	50.8	69.0	80.4
7211	33.5	42	147.4	77.6	44.6	64.0	76.4
7212	30.5	45	157.4	81.5	45.5	64.0	79.4
7213	37.5	55	160.4	82.2	46.0	66.0	85.4
7214	34.5	47	152.4	84.3	44.5	62.5	79.4
7215	25.5	49	165.4	87.0	47.4	61.5	81.4
7216	28.5	45	149.4	80.5	43.8	63.5	77.4
7217	37.5	46	148.4	77.5	43.5	69.3	79.4
7218	30.5	55	169.4	87.2	52.4	69.2	84.4
7220	33.5	61	165.4	90.3	49.7	78.4	94.4
7221	29.5	46	167.4	84.5	51.3	60.7	80.4
7222	29.5	51	159.4	86.7	47.2	68.6	82.4
7223	31.5	47	161.4	88.2	46.3	62.0	79.4
7224	28.5	40	151.4	81.5	46.3	61.5	78.4
7225	37.5	52	160.4	82.0	45.6	70.0	80.4
7226	28.5	49	164.4	86.2	48.2	66.0	80.4
7227	33.5	59	159.4	83.2	47.5	73.3	87.4
7228	28.5	53	155.4	84.1	46.6	66.0	82.4
7229	30.5	57	158.4	83.2	47.5	67.0	85.4
7230	35.5	51	158.4	82.1	47.8	66.8	78.4
7231	36.5	42	152.4	81.3	44.0	57.8	75.4
7232	28.5	52	166.4	88.3	48.6	60.8	81.4
7233	27.5	53	168.4	85.4	49.8	67.0	82.4
7234	26.5	44	155.4	77.6	45.0	59.8	76.4
7235	34.5	61	156.4	78.0	46.7	77.5	89.4
7236	31.5	49	152.4	84.7	46.3	67.8	81.4
7237	34.5	55	160.4	88.0	47.0	68.0	86.4
7238	33.5	41	158.4	84.0	46.6	59.5	80.4
7239	35.5	45	158.4	84.7	47.2	66.1	82.4
7240	31.5	52	164.4	90.7	46.5	66.4	83.4
7241	30.5	60	154.4	83.0	45.8	82.5	87.4
7242	38.5	46	169.4	85.8	48.6	63.5	82.4
7243	31.5	57	159.4	84.3	47.5	78.8	89.4
7244	24.5	45	162.4	86.3	47.8	61.5	80.4
7245	39.5	46	166.4	88.0	47.0	62.5	80.4
7247	27.5	46	156.4	82.8	47.8	63.5	78.4
7248	33.5	64	164.4	87.6	49.0	74.0	91.4
7249	41.5	52	153.4	79.2	46.5	75.5	82.4
7250	32.5	50	169.4	92.0	50.0	61.0	85.4
7251	33.5	45	152.4	79.0	44.0	64.5	77.4
7252	44.5	61	169.4	91.6	49.8	72.0	87.4
7253	53.5	70	161.4	84.5	47.5	85.0	96.4
7254	36.5	50	161.4	84.5	48.2	65.0	82.4
7255	26.5	46	159.4	82.3	46.4	64.0	80.4
7256	36.5	71	163.4	84.8	47.5	82.0	95.4
7257	39.5	60	160.4	83.5	50.4	78.0	87.4
7258	34.5	72	165.4	86.2	52.0	85.0	95.4
7259	22.5	50	160.4	83.0	49.5	68.0	79.4
7260	36.5	50	156.4	82.7	45.5	68.0	81.4
7261	31.5	49	158.4	82.7	47.2	68.2	86.4
7262	38.5	58	171.4	92.2	50.3	73.4	85.4
7263	28.5	55	165.4	89.7	48.7	70.4	86.4
7264	27.5	46	157.4	85.2	45.9	64.5	81.4
7265	27.5	58	170.4	87.9	52.9	74.7	87.4
7266	39.5	46	162.4	86.2	45.8	65.5	83.4
7267	35.5	65	169.4	90.0	51.5	79.5	90.4
7268	32.5	45	156.4	82.3	46.8	62.5	77.4
7269	30.5	54	163.4	84.5	49.1	67.0	82.4
7270	37.5	64	165.4	82.6	49.3	82.9	90.4
7271	37.5	45	156.4	79.5	47.0	63.7	75.4
7272	22.5	48	164.4	83.5	48.3	64.8	79.4
7273	33.5	54	164.4	85.5	49.9	71.0	85.4
7274	30.5	55	165.4	83.6	48.6	65.0	83.4
7275	36.5	45	158.4	80.7	47.3	64.0	79.4
7276	29.5	55	174.4	88.8	51.1	68.0	85.4
7277	32.5	50	157.4	86.5	42.3	66.0	83.4
7278	26.5	51	172.4	87.0	52.0	62.0	80.4
7279	33.5	58	161.4	84.5	48.2	73.2	87.4
7280	37.5	62	157.4	78.5	47.6	77.2	90.4
7281	44.5	46	147.4	82.1	43.0	65.8	78.4
7282	38.5	43	147.4	79.5	41.8	64.7	79.4
7283	41.5	48	153.4	83.3	44.5	67.0	82.4
7284	36.5	45	158.4	86.7	45.2	63.8	80.4
7285	31.5	50	165.4	87.2	49.3	62.3	84.4
7286	36.5	57	164.4	82.7	48.3	67.0	83.4
7287	36.5	64	162.4	86.5	48.5	76.0	88.4
7288	35.5	65	157.4	85.3	47.2	86.3	98.4
7289	36.5	50	161.4	85.1	48.8	69.7	81.4
7290	32.5	62	172.4	91.5	52.0	74.4	90.4
7291	38.5	60	163.4	87.4	48.0	72.0	87.4
7292	24.5	43	154.4	80.7	46.3	61.0	77.4
7293	43.5	60	154.4	82.2	45.8	81.0	89.4
7294	36.5	49	162.4	82.4	49.0	61.0	80.4
7295	42.5	49	158.4	86.0	46.4	69.5	88.4
7296	35.5	56	172.4	88.5	53.1	69.0	85.4
7297	43.5	52	165.4	87.5	49.0	67.0	82.4
7298	40.5	53	159.4	88.7	46.9	74.9	86.4
7299	31.5	59	170.4	89.7	47.7	71.5	91.4
7300	41.5	50	167.4	85.9	48.5	64.0	83.4
7301	41.5	62	162.4	81.5	48.6	78.5	89.4
7302	36.5	45	150.4	82.7	44.2	64.5	79.4
7303	36.5	43	161.4	88.9	45.3	61.5	79.4
7304	43.5	57	165.4	88.9	49.7	72.5	87.4
7305	33.5	62	159.4	84.5	47.5	77.5	93.4
7306	35.5	47	154.4	82.7	45.1	66.2	79.4
