AreaCode	MeanAge	SexRatPc	L4QualPc	FTStudPc	UKBo11Pc	LTUPc	T15	UKBoChPc	RVS
"E06000001"	39.8	48.6276	17.6	3.2	97.2193	3.1271	56.457	-0.9942	30.43
"E06000002"	37.8	48.9351	18.5	7.6	91.7854	3.0532	56.9979	-3.9063	34.52
"E06000003"	41.5	48.5697	18.9	3	97.7666	2.7143	63.5016	-0.1375	33.81
"E06000004"	39.1	49.1008	22.8	4.4	95.3859	2.3782	64.6913	-1.6125	38.27
"E06000005"	40.2	48.7695	23.7	2.6	94.7529	2.1048	62.1951	-1.919	43.82
"E06000006"	38.9	48.8031	17.6	3.3	97.3081	2.1498	63.9652	-0.7139	42.58
"E06000007"	39.5	49.5975	27.4	3.2	94.3089	1.5141	66.7886	-2.3737	45.73
"E06000008"	36.2	49.8661	19.8	4.7	85.2233	2.1251	62.1982	-3.9092	43.66
"E06000009"	41.3	49.1148	15.5	3.3	94.5778	2.4631	58.8104	-2.0135	32.54
"E06000010"	37.5	50.0846	15.2	7	91.4897	3.674	54.1889	-5.4851	32.38
"E06000011"	43.5	48.8924	25.9	3	96.1497	1.3811	63.6626	-1.1542	39.6
"E06000012"	40.2	49.022	16.2	3.2	95.6314	2.7136	59.4225	-1.8272	30.13
"E06000013"	40.8	49.3431	19.5	2.7	93.4552	1.9251	60.6404	-3.04	33.7
"E06000014"	39.5	48.6006	32.4	11.4	90.7963	1.1096	65.9988	-4.0788	58.04
"E06000015"	37.6	49.4653	24.2	6.5	86.0821	2.0458	62.4358	-5.3824	42.78
"E06000016"	34.8	49.3829	21.2	12.4	66.3948	2.522	60.5849	-10.5751	51.08
"E06000017"	42.4	50.6168	32.9	2.5	93.5856	0.9057	68.5167	-0.7782	49.43
"E06000018"	34.8	50.3065	21.9	18.4	80.4603	2.5139	58.3598	-9.6145	49.16
"E06000019"	43	49.2171	27.5	2.5	93.3245	1.2215	68.3447	-3.4102	40.78
"E06000020"	38.1	49.537	20.9	4.1	92.7167	1.9292	63.9151	-2.207	36.78
"E06000021"	38.5	49.7956	15.5	5.6	91.6814	2.1066	54.4368	-4.6076	30.64
"E06000022"	40.3	48.9001	33.4	10.9	90.7065	0.9897	74.1915	-2.834	57.85
"E06000023"	36.5	49.7557	32.8	10.2	85.259	1.5969	66.8652	-6.5259	61.73
"E06000024"	42.6	48.6079	28.4	2.6	94.196	1.0939	69.4797	-1.9692	47.83
"E06000025"	39.8	49.6348	26.7	3.9	93.4174	0.9789	70.9231	-2.799	47.32
"E06000026"	39	49.4118	21.5	9.2	92.8985	1.5689	65.3845	-2.7819	40.06
"E06000027"	44.2	48.1907	20.6	2.4	94.5922	1.7766	64.7246	-1.5553	36.84
"E06000028"	40	49.8041	26.4	9.7	85.0598	1.4647	60.6683	-6.9055	45.12
"E06000029"	42.1	48.8476	25.5	3.2	91.8182	1.1759	64.4301	-3.013	41.83
"E06000030"	38.1	50.0191	22.7	2.7	87.1192	1.6141	65.5256	-5.2874	45.34
"E06000031"	36.9	49.4791	20.2	3	79.3651	1.9015	65.9577	-10.8618	39.11
"E06000032"	34.8	50.174	22.3	8.6	69.0592	2.1941	62.9242	-11.299	43.45
"E06000033"	40.2	48.9681	21.8	3	90.1404	2.0855	64.4795	-3.8679	41.92
"E06000034"	36.8	49.3472	17.4	2.8	88.0308	2.237	63.9586	-6.95	27.72
"E06000035"	37.7	49.569	19.1	4.7	89.6425	1.9664	66.8194	-4.1624	35.92
"E06000036"	37.4	49.5623	30.3	2.7	86.8283	1.2729	67.0937	-3.9085	46.06
"E06000037"	39.4	49.6164	32.1	2.1	90.9551	1.0798	70.7667	-2.5217	51.78
"E06000038"	35.3	50.0758	34.8	9.6	75.1956	1.8792	67.8317	-10.8166	58.03
"E06000039"	33.5	50.0125	25.8	5.8	61.0199	2.1113	58.9727	-15.0049	45.67
"E06000040"	39.8	49.3414	38.4	2.8	82.619	1.1924	71.6243	-3.7617	53.9
"E06000041"	39.4	49.5297	40	3.2	87.6551	0.9219	69.6198	-3.1241	56.69
"E06000042"	36.1	49.4797	28.2	3.5	81.4582	1.8546	66.0923	-8.6417	48.59
"E06000043"	37.4	49.7891	36.9	11.9	84.3124	1.4341	70.4072	-4.9026	68.62
"E06000044"	36.5	50.3282	23.7	12.7	87.7965	1.7761	60.3085	-4.6707	41.92
"E06000045"	36.1	50.4272	24.6	14.4	82.417	1.6415	64.024	-8.7293	46.2
"E06000046"	44.4	48.7643	22.6	2.2	94.7948	1.7685	64.6116	-1.2257	38.05
"E06000047"	41	48.9594	21.5	5.4	96.7534	1.752	61.1495	-1.2115	42.45
"E06000049"	42	49.0126	32	3.4	94.517	1.2593	69.0096	-1.7887	48.82
"E06000050"	41.3	48.7203	29.4	4.2	95.1497	1.3781	68.5116	-1.1922	49.32
"E06000051"	42.6	49.5236	27.5	2.6	95.3003	1.2671	69.6993	-1.4856	43.13
"E06000052"	43.3	48.4347	25	3.6	95.5647	1.1647	69.7249	-1.0512	43.48
"E06000053"	44.7	50.0227	33	0.8	93.9628	0.4316	73.68	-2.9717	56.39
"E06000054"	40.8	49.2067	29.5	2.2	92.1286	1.0795	72.7143	-1.8323	47.51
"E06000055"	38.9	49.0935	28.1	5	82.3951	1.7308	69.4786	-5.3673	48.22
"E06000056"	39.6	49.5493	27.3	3.3	92.0871	1.3254	67.3483	-2.5316	43.87
"E06000057"	42.8	48.7691	25.6	2.4	97.1759	1.7271	66.5577	-0.6606	45.89
"E07000004"	39.1	49.5248	32	3	89.1855	1.1023	69.1714	-2.9592	49.5
"E07000005"	41.6	48.6306	41	2.5	88.9361	0.9917	72.6839	-1.8031	55.02
"E07000006"	41.8	48.5127	36.9	3	84.4662	0.91	71.1439	-3.2943	49.3
"E07000007"	38.9	49.298	33.6	4.7	84.9532	1.1901	68.8335	-3.6157	51.97
"E07000008"	35.6	50.8481	47.3	23.1	70.629	1.0622	65.7983	-10.235	73.85
"E07000009"	40.2	49.444	29	2	90.1668	1.0854	66.4156	-3.0529	49.08
"E07000010"	42.1	49.1392	14.9	1.9	91.3827	1.8005	62.3931	-5.4672	28.61
"E07000011"	39.9	49.869	27.9	2.4	90.3828	1.1536	67.6913	-2.7311	45.76
"E07000012"	40.1	49.6051	40.1	3	88.8649	0.8267	71.7514	-3.9734	60.23
"E07000026"	43.1	49.1288	22.8	1.9	97.3274	1.3976	65.4598	-0.8896	41.35
"E07000027"	41.3	49.4811	19	2.1	97.0848	1.6907	63.3249	-0.6563	39.38
"E07000028"	41.3	48.8058	22.2	3.7	95.0978	1.3982	65.3554	-2.365	39.86
"E07000029"	42.1	50.2472	21	1.7	97.1304	1.5483	63.8314	-1.0606	38
"E07000030"	44.1	49.5263	27.4	2.5	96.5813	0.6919	67.3542	-1.4217	46.68
"E07000031"	45.4	48.7391	33.4	2.1	95.1678	0.7411	70.5482	-1.9583	52.86
"E07000032"	41.8	49.2131	23.2	2.3	97.0198	1.5658	68.9405	-0.9857	39.72
"E07000033"	41	49.2816	15.8	2.4	96.9789	1.9269	61.1262	-1.4843	29.17
"E07000034"	41.4	49.0423	21	2.5	96.1942	1.8964	64.7812	-1.2372	39.96
"E07000035"	44.5	49.3152	33.4	2.1	96.7251	1.0735	74.6125	-0.8134	48.44
"E07000036"	40.8	49.0128	20.7	2.5	96.3633	1.9489	68.0166	-0.8446	38.77
"E07000037"	41.1	49.2607	29.4	3.4	96.4144	1.5091	69.2552	-0.7153	49.45
"E07000038"	43.3	49.0432	22.2	2.4	97.5551	1.4334	64.1078	-0.6479	37.22
"E07000039"	39.5	49.638	26	2.7	96.121	1.1591	68.6687	-0.9437	39.65
"E07000040"	46.9	47.8049	29.1	1.8	95.0678	0.845	71.7413	-0.9431	45.89
"E07000041"	38.1	48.5773	28.6	14.4	88.9499	1.1279	70.6225	-5.0101	55.28
"E07000042"	42.3	48.9646	26.4	1.9	95.0881	0.9866	71.8999	-1.4693	46.66
"E07000043"	43.3	48.6383	22.9	2.2	95.531	1.1021	70.0055	-1.1949	42.96
"E07000044"	45.3	48.2511	34.3	2.3	94.6139	0.8496	69.7877	-0.9316	52.85
"E07000045"	44.6	48.4455	28	2.1	95.3381	0.9668	70.2116	-0.7614	46.1
"E07000046"	44.6	48.8213	21.7	1.7	96.5679	1.404	71.9706	-0.2439	39.17
"E07000047"	44.6	48.7797	30	2.1	95.2458	1.0503	72.8832	-0.7474	46.8
"E07000048"	47.1	47.9017	25.1	2.2	94.3374	1.1212	71.7242	-1.1738	41.17
"E07000049"	46.9	48.1725	27.7	2	95.1024	0.7732	72.12	-0.471	42.38
"E07000050"	42.8	49.8899	26.9	1.9	93.1528	0.8791	72.3776	-1.0126	43.6
"E07000051"	44.9	48.9805	25.7	1.8	94.5923	1.0037	70.0095	0.0388	40.93
"E07000052"	46.2	48.0849	30.8	1.9	94.3978	0.8698	71.341	-0.7223	48.97
"E07000053"	42.8	49.7675	22.5	2.3	94.6369	1.4414	67.9355	-1.2294	38.96
"E07000061"	42.8	47.8403	24.4	4.8	88.0115	1.6758	67.6024	-3.9611	42.67
"E07000062"	40.2	48.7668	21.2	3.2	91.3123	2.4472	67.8168	-3.199	45.12
"E07000063"	43.7	48.5764	29.4	2.7	92.5499	1.2675	69.7879	-1.8205	52.07
"E07000064"	47.2	47.4908	25.5	2.2	93.636	1.349	68.9741	-0.5849	41.47
"E07000065"	44	48.2201	28.9	2.3	93.2451	0.9029	70.4629	-0.696	45.5
"E07000066"	39.1	48.508	18.6	2.3	92.8027	1.9532	65.7843	-2.8616	31.38
"E07000067"	40	49.0448	22.2	2.1	94.0843	1.5583	68.813	-1.9627	38.87
"E07000068"	41.6	48.3445	30.7	2.6	91.655	1.2141	72.1614	-1.973	40.85
"E07000069"	43.2	48.7519	14.6	1.9	96.4243	1.3833	66.6716	-0.7365	27.3
"E07000070"	40.1	49.2627	28.8	3.3	92.3659	1.3315	69.4959	-2.3946	47.17
"E07000071"	38.9	49.3101	27.2	7.6	88.8031	1.3597	67.4721	-3.6633	46.4
"E07000072"	41.1	48.4843	25.3	3.2	90.8952	1.4323	67.9358	-2.5942	37.31
"E07000073"	38.2	48.416	17.6	2.9	88.4433	2.2755	65.0807	-5.3891	31.9
"E07000074"	43	49.4215	23.6	1.9	96.0846	1.2443	69.8554	-0.5443	37.42
"E07000075"	42.3	48.9716	20	2	96.38	1.17	64.9377	-0.6361	33.39
"E07000076"	45.7	47.8609	15.9	2	95.7051	2.0495	66.0575	-0.6996	30.5
"E07000077"	40.6	49.3473	31.9	2.4	92.6727	1.0335	71.4048	-1.5767	49.32
"E07000078"	39.5	48.8301	36.2	7	88.8181	1.3567	69.6812	-4.0888	56.17
"E07000079"	44.2	48.3874	33.7	3.2	92.9357	0.8889	72.3809	-1.4753	51.1
"E07000080"	43	49.1356	24	2.9	96.1433	1.3805	70.8796	-1.0959	41.42
"E07000081"	38.2	49.3919	22.2	3.9	89.5265	1.6719	64.9969	-3.8591	41.5
"E07000082"	42.3	49.2237	32.9	2.4	94.5699	1.0677	74.4868	-1.1092	54.61
"E07000083"	42.4	48.912	30.2	2.1	93.5541	1.0187	70.56	-2.0471	46.75
"E07000084"	38.7	49.5331	30.5	2.3	89.292	1.1838	68.2621	-4.1333	48.1
"E07000085"	42	48.6446	33.9	2.6	91.7125	0.9147	72.2702	-1.7699	50.52
"E07000086"	40.1	49.0291	27.9	2.7	92.6269	1.1017	71.2815	-2.4328	47.55
"E07000087"	42.6	48.9635	29.8	2.8	94.3646	0.8793	69.0408	-0.8772	44.9
"E07000088"	39.8	49.3041	21.5	2.7	93.9241	1.558	65.0557	-1.468	36.14
"E07000089"	40	49.6238	37.5	2.3	90.4353	0.8307	67.0856	-2.0587	52.4
"E07000090"	42.3	48.5624	22.3	2.6	94.8643	1.6186	65.4584	-0.9055	37.64
"E07000091"	45.2	48.0466	27.2	2	93.967	1.008	68.6233	-1.3279	42.24
"E07000092"	36.6	49.8438	24.7	3.4	82.4395	1.4056	63.7733	-9.3711	41.79
"E07000093"	41.4	48.8668	30.5	2.3	91.6665	0.899	71.0797	-2.3253	48.06
"E07000094"	40.9	48.569	40.7	6.8	91.1154	0.8048	73.2349	-1.7136	58.93
"E07000095"	39.1	48.4537	19.2	3.3	88.1582	1.7352	63.095	-4.6063	33.74
"E07000096"	39.4	49.2292	30.9	2.8	89.395	1.3639	68.3849	-3.4432	49.33
"E07000098"	39.4	48.275	30.8	4.6	82.9873	1.4319	67.9043	-6.133	49.16
"E07000099"	40.2	49.0741	34.4	2.7	89.8107	1.3671	69.0875	-2.3756	54.37
"E07000102"	40	48.5255	33.9	3.2	86.1424	1.2236	70.2215	-3.4963	48.73
"E07000103"	36.5	49.6429	32.2	4.5	75.296	1.5086	67.2161	-10.9055	49.73
"E07000105"	39.6	48.5198	24.6	2.7	90.7059	1.3234	66.831	-3.8033	40.57
"E07000106"	40	48.0585	27.3	14.6	89.045	1.1737	65.7597	-3.3964	48.96
"E07000107"	37.8	49.3617	22	2.9	88.7218	1.6854	69.6964	-5.5045	35.78
"E07000108"	42.1	49.0401	22	2.7	92.6867	1.7367	69.109	-2.3097	37.85
"E07000109"	38.7	49.2912	20	3	85.9408	1.9634	69.5959	-6.4714	34.62
"E07000110"	40.1	49.3042	25.6	2.7	90.7195	1.2355	67.1411	-4.0806	41.25
"E07000111"	41.4	48.5173	32	2.4	91.8437	1.0597	70.1818	-1.9281	45.62
"E07000112"	42.4	49.2132	21.8	2.9	90.7548	1.8784	65.7613	-2.7871	37.75
"E07000113"	39.6	49.4364	18.9	2.4	94.2644	1.7879	65.2463	-2.0826	37.54
"E07000114"	41.9	48.1086	19.6	3.4	91.4082	2.4849	67.7117	-3.5169	36.15
"E07000115"	39.8	49.0104	27.1	2.5	93.1493	1.0771	68.4993	-2.2431	44.3
"E07000116"	39.6	49.1043	34.6	2.9	90.0608	1.0847	69.4722	-2.8807	54.89
"E07000117"	39.4	49.1552	18.7	3.4	92.265	2.1333	61.6437	-1.9855	33.39
"E07000118"	40.5	50.1218	27.8	2.6	96.3371	1.242	69.0476	-0.7788	43.17
"E07000119"	44.9	48.5513	29.8	2.6	95.017	1.1514	66.318	-0.7995	43.04
"E07000120"	38.7	49.5169	18.9	3.6	92.8258	1.7033	62.7544	-1.9862	33.81
"E07000121"	40.2	48.3042	27.2	11.8	92.6858	1.2827	65.4555	-3.1234	48.92
"E07000122"	38.9	49.2018	20.2	3.5	89.1484	1.8529	68.8337	-2.7914	36.85
"E07000123"	36.9	50.1305	24.6	10.6	86.6393	1.763	62.5836	-4.4331	46.69
"E07000124"	42.5	48.9621	34	2.8	96.4066	0.7121	67.5157	-0.5689	43.61
"E07000125"	39.6	49.0821	25.1	3.1	95.4135	1.6775	64.6714	-0.6555	39.32
"E07000126"	40.8	48.9139	26.4	2.9	96.2442	1.0229	67.8937	-0.6335	41.44
"E07000127"	41.2	48.6425	25.4	6.1	96.1259	1.6115	69.638	-1.2933	44.69
"E07000128"	44.7	48.4691	23	3.2	96.6626	1.1717	67.1825	-0.7611	36.23
"E07000129"	40.9	49.2232	24.9	2.9	93.4419	1.005	69.1525	-1.5654	40.53
"E07000130"	39.3	49.9175	26.8	11.4	89.6033	1.1843	68.771	-2.6025	46.19
"E07000131"	41.6	49.6041	31.8	2.6	94.6324	0.8027	68.7394	-1.5835	49.25
"E07000132"	41.7	49.2015	24.1	2.4	95.884	1.234	67.3044	-1.17	39.67
"E07000133"	41.7	49.067	26.2	2.5	94.8884	1.0256	68.5167	-1.2883	41.89
"E07000134"	40.8	49.5731	24.3	2.8	96.0971	1.3566	71.403	-1.5496	39.3
"E07000135"	41	48.3692	24.8	7.8	84.9208	1.2795	67.4781	-4.2468	45.42
"E07000136"	41.5	48.7894	15.1	2.1	84.8539	1.6953	64.6233	-12.0466	24.44
"E07000137"	45.8	48.6998	18.1	1.9	96.3094	1.5131	66.3048	-0.9025	29.35
"E07000138"	37.4	48.9336	21.3	12.1	90.2096	1.9811	63.2102	-4.7657	43.06
"E07000139"	42.7	48.8122	25.4	2.2	94.8184	1.0316	67.1195	-0.9582	37.74
"E07000140"	43.4	48.849	15.8	1.6	90.4384	1.6239	64.3565	-6.1781	26.41
"E07000141"	41.8	48.3272	25.6	2.2	93.184	1.2855	66.9237	-2.3596	40.07
"E07000142"	43.1	48.7294	25.3	2.3	95.9462	1.4726	65.9575	-0.935	38.18
"E07000143"	42.6	49.4793	18.6	2	91.3266	1.3209	66.3894	-3.315	35.78
"E07000144"	43.9	48.7733	23.2	2.1	95.7961	0.9102	70.0247	-0.93	45.63
"E07000145"	42.1	49.099	14.2	2.5	93.4671	2.3749	63.7156	-3.5399	28.5
"E07000146"	43.5	48.8657	19.1	2.1	92.3466	1.487	64.158	-3.2418	33.6
"E07000147"	47.5	48.4763	22.3	1.5	95.867	1.2822	71.9011	-0.9821	41.09
"E07000148"	37.4	49.2537	27.7	11.6	87.1166	2.0278	66.0413	-6.773	56.24
"E07000149"	43	48.7977	27	2.1	95.0997	0.9906	68.5617	-1.3458	48.31
"E07000150"	37.5	49.2156	14.9	2.8	86.855	1.6493	70.4155	-7.8832	35.75
"E07000151"	40.9	49.9711	28.8	2.4	94.0059	1.1049	72.0678	-1.8263	41.4
"E07000152"	40.4	49.626	24.2	2.3	93.9457	1.2189	69.182	-1.542	41.24
"E07000153"	39.5	49.0998	23.3	2.4	91.5229	1.5459	67.3053	-3.2525	39.01
"E07000154"	37.1	49.1199	23.7	5.6	83.6718	1.8506	66.5718	-7.7453	41.62
"E07000155"	41.1	49.4172	31.1	2.2	94.1906	0.8135	71.3545	-0.9617	45.66
"E07000156"	39.6	49.2011	20.4	2.6	87.5936	1.8352	69.5221	-4.7447	37.58
"E07000163"	44.5	48.2846	31.8	2.3	95.8527	0.9612	71.184	-1.0516	47.17
"E07000164"	43.5	49.3404	32.1	2	95.5138	0.8229	68.0273	-1.2167	46.34
"E07000165"	42	48.7981	34.1	2.3	91.2079	0.9278	70.0769	-2.5609	50.97
"E07000166"	40	52.7413	27	1.6	91.6001	1.0323	68.2996	-2.3943	43.22
"E07000167"	44.6	49.1063	27.3	1.9	95.8494	0.9792	67.6105	-1.3318	44.74
"E07000168"	44.2	48.3211	22.7	3.6	95.1284	1.6991	65.6351	-1.9264	38.01
"E07000169"	40.9	49.0683	26.1	2.2	95.7831	1.2761	69.4041	-1.9573	40.83
"E07000170"	40	49.0933	15.1	2.4	97.0041	1.8878	64.4555	-1.3539	30.16
"E07000171"	41.5	49.6389	20.2	2.4	95.312	1.5317	65.8158	-2.1507	32.17
"E07000172"	41.4	49.4287	28.2	4.9	92.2986	1.5005	69.9346	-2.171	45.35
"E07000173"	41.4	48.7463	25.3	2.8	94.4171	1.5273	68.711	-1.4232	44.45
"E07000174"	40.2	49.1145	16.4	2.5	94.4317	1.7899	60.8675	-2.8725	29.14
"E07000175"	41.6	49.2575	24.2	2.8	95.0791	1.2954	70.0223	-1.9051	39.61
"E07000176"	41.2	49.2248	39	5	93.4509	0.9931	74.1853	-1.3484	57.55
"E07000177"	38.9	49.4305	28.1	2.7	88.6549	0.9829	69.4424	-4.2973	49.69
"E07000178"	34.3	49.5932	42.6	23.6	71.5357	1.2724	66.8504	-9.1597	70.27
"E07000179"	40.9	49.1632	36.7	2.3	90.7856	0.9082	70.5856	-1.9016	54.98
"E07000180"	40.8	49.6396	37.2	2.8	89.8304	0.8768	72.1577	-2.3858	56.7
"E07000181"	41.1	49.1005	32.9	2.1	91.901	0.818	73.316	-2.228	53.66
"E07000187"	41.9	48.8539	27.9	2.4	93.7097	1.0298	72.0486	-1.7693	51.07
"E07000188"	42.4	48.9126	22.1	2.4	95.0405	1.322	69.6396	-2.0157	38.8
"E07000189"	42.9	49.0601	25.1	2	94.0276	0.9923	70.1823	-2.0657	42.75
"E07000190"	41.8	48.3542	28.1	2.9	92.9184	1.001	69.5582	-2.5107	47.08
"E07000191"	47.7	47.801	24.8	1.8	94.8926	0.9913	67.6436	-1.6435	39.41
"E07000192"	39.6	49.3792	17.2	2.7	97.5077	1.8997	63.193	-0.5362	31.14
"E07000193"	39.8	49.6421	23.4	2.7	91.3306	1.3569	66.4865	-4.1381	36.79
"E07000194"	42.2	49.5956	28.4	2.6	96.1621	1.2842	67.4944	-1.004	41.19
"E07000195"	40.8	49.4111	22.5	7.7	94.9754	1.4372	63.1097	-2.0286	36.96
"E07000196"	43.2	49.2393	25.1	2.8	97.2237	1.3306	69.0619	-0.5552	35.15
"E07000197"	41.8	50.0913	30.3	4.8	93.9214	1.1963	70.5305	-2.1473	44.01
"E07000198"	43.4	49.2143	23.7	2.5	97.7015	1.046	68.466	-0.6528	35.27
"E07000199"	38.6	49.0724	17.4	2.7	96.3079	1.8334	65.5987	-1.0944	32.53
"E07000200"	43.1	49.013	25.8	2	95.008	1.2287	70.3004	-1.1086	45.81
"E07000201"	38.7	50.467	19.2	2.3	77.0235	1.1713	64.6106	-0.0269	35.03
"E07000202"	38	49.8021	20.6	3.4	88.1672	2.2147	66.6874	-5.739	41.74
"E07000203"	42.4	49.5436	26.4	2	95.3055	0.8919	69.5882	-1.0152	44.77
"E07000204"	41	50.0811	24.6	2.3	91.4772	1.0745	67.9954	-2.8575	43.38
"E07000205"	44.2	48.8045	29	2	93.8849	1.0255	71.0895	-1.2418	47
"E07000206"	43.9	48.6066	17.9	2.1	96.1754	1.6378	67.1792	-1.0757	37.1
"E07000207"	39.8	48.4905	43.9	2.9	81.7261	1.0225	70.2195	-2.271	59.53
"E07000208"	40	48.4834	36	4.6	83.7328	0.971	72.6705	-4.0438	52.08
"E07000209"	39	49.5127	39.5	9.5	84.4901	0.9818	70.999	-4.8267	56.17
"E07000210"	42.7	48.9007	37.9	2.3	90.051	0.9444	73.7271	-2.0955	53.08
"E07000211"	39.9	48.915	34	2.6	87.9218	1.0658	70.5889	-3.4125	49.51
"E07000212"	39.7	48.625	29.9	10.2	83.0729	1.0704	67.8478	-5.4305	45.74
"E07000213"	40.4	49.2196	25.9	2.5	85.9108	1.1914	68.5537	-5.2884	39.7
"E07000214"	40.2	49.7632	34.5	2.6	86.7396	0.9654	68.4538	-3.0826	49.02
"E07000215"	41.3	48.3843	33	2.6	91.2648	1.0377	70.4334	-1.4247	47.16
"E07000216"	41.5	48.7991	40.1	3.5	89.3972	0.9064	72.8782	-1.5542	58.39
"E07000217"	38.7	49.5413	38.4	3.3	80.1196	1.2548	69.9673	-6.2287	56.15
"E07000218"	41.7	49.3501	19.8	2.4	97.0636	1.384	67.3903	-0.6524	33.12
"E07000219"	39.7	49.0539	18.6	2.8	93.2233	1.9405	67.7322	-2.573	33.99
"E07000220"	40	49.8466	28.2	2.6	88.3268	1.3071	71.3371	-5.1484	43.3
"E07000221"	43.8	48.5513	33.4	2.5	93.8067	0.8618	73.1165	-1.6231	48.44
"E07000222"	39.7	49.8736	38.4	8.8	88.4466	1.1498	71.9557	-2.5424	58.78
"E07000223"	43	48.238	22	2.3	93.8021	1.2996	66.7309	-1.6415	45.43
"E07000224"	45.5	47.6886	22.8	2.6	91.3957	1.3793	66.5699	-3.6783	37.52
"E07000225"	44.5	47.8066	32.4	4.4	91.9003	1.0761	69.3805	-1.768	49.08
"E07000226"	36.8	49.4367	21.5	3	79.7386	1.7247	65.6649	-8.7062	41.59
"E07000227"	42.1	48.5952	32.6	2.3	92.0122	1.0231	72.3527	-1.6103	51.46
"E07000228"	41	48.9504	33.6	2.4	90.3461	0.8439	71.539	-2.3236	53.09
"E07000229"	42.2	48.1498	26	2.9	90.581	1.3331	66.9324	-3.2017	47.01
"E07000234"	42.6	49.4463	30.5	2.8	96.0091	1.1341	71.2396	-0.7168	44.63
"E07000235"	44.9	48.6875	33.9	2.7	94.9793	1.1549	73.7117	-0.8972	47.84
"E07000236"	38.6	49.6925	20.7	3.3	92.0465	1.7546	67.2933	-3.2663	37.71
"E07000237"	38.3	49.1688	27.7	6.5	91.8314	1.653	68.6204	-3.2948	46.32
"E07000238"	43.5	49.1218	28.7	2.4	94.4272	1.219	71.0888	-2.0723	42.14
"E07000239"	42.7	49.2973	22.1	2.4	96.0868	1.7849	63.8702	-0.6344	36.85
"E07000240"	38.9	49.0815	46.3	3.4	86.5289	1.0224	69.7513	-2.822	62.71
"E07000241"	38	49.1826	30	13.1	82.8127	1.347	65.8242	-8.1275	47.01
"E07000242"	39.5	49.1622	33.5	2.7	91.9905	1.0141	69.5906	-1.9312	49.64
"E07000243"	37.8	49.4098	22.1	3.5	88.2273	1.8987	69.2172	-5.3673	40.75
"E08000001"	38.4	49.3739	22.2	4.3	88.7191	1.9574	62.2048	-4.2256	41.71
"E08000002"	39.2	48.9506	25.7	3.5	91.292	1.6379	65.3492	-2.9186	45.88
"E08000003"	33.2	50.2106	28.9	17.3	74.7457	2.2074	57.7951	-10.4928	60.36
"E08000004"	37.4	48.9802	18.6	4.1	88.2164	2.0186	60.3948	-3.6435	39.14
"E08000005"	37.9	48.9572	19.4	4	88.8535	2.3052	59.762	-3.3742	39.93
"E08000006"	37.4	49.9211	22.3	6.9	88.2607	2.1084	56.9359	-6.3951	43.19
"E08000007"	40.8	48.8571	29.8	3.3	93.1653	1.5416	66.5572	-1.825	52.33
"E08000008"	39.1	49.0826	17.5	3.2	93.0377	2.0265	57.6003	-2.1774	38.86
"E08000009"	39.3	48.9717	33.8	3.7	88.7893	1.46	66.3932	-3.0463	57.69
"E08000010"	39.6	49.7079	19.5	2.9	96.4785	1.9671	60.7447	-1.5156	36.1
"E08000011"	39.1	47.5204	15.5	3.9	97.6654	2.6763	64.2121	-0.6378	48.44
"E08000012"	37.7	49.4159	22.4	11.9	90.1107	2.771	64.1671	-5.1577	58.19
"E08000013"	40.7	49.1352	20.9	3.1	97.3036	2.1237	61.7361	-0.8083	41.98
"E08000014"	42.5	47.9335	24.1	3.7	95.7792	2.0258	67.3801	-1.3066	51.87
"E08000015"	41.4	48.1098	25.3	3.2	95.9566	2.1074	69.1835	-0.8496	51.7
"E08000016"	40.4	49.1452	17.4	2.6	96.6253	2.0991	58.2383	-1.6449	31.69
"E08000017"	39.8	49.3482	17	2.6	93.8264	2.2347	57.3539	-3.313	31.04
"E08000018"	40.2	49.0699	17.4	2.7	94.89	2.084	60.7811	-2.5098	32.11
"E08000019"	37.9	49.3327	25.7	12.2	88.326	1.8591	63.4087	-5.3213	49.01
"E08000021"	36.9	50.0491	27.2	16.2	86.5874	1.935	62.6395	-6.6397	50.7
"E08000022"	40.9	48.2483	25.3	3.1	96.0428	2.0049	63.9653	-1.3119	46.6
"E08000023"	41.2	48.3099	19.2	3.7	96.6488	2.6317	58.6366	-0.8168	37.95
"E08000024"	40.4	48.6207	18.2	5.1	95.8966	2.2758	56.0994	-1.7128	38.66
"E08000025"	35.3	49.1877	23	9.5	77.791	2.9122	58.9597	-5.7281	49.58
"E08000026"	36.8	49.729	23	11.5	78.7882	2.1012	59.7654	-8.2102	44.4
"E08000027"	40.5	49.1552	19.2	3	94.6898	2.3822	63.4766	-1.5016	32.4
"E08000028"	37.4	49.2081	15.4	4.3	84.0714	3.1602	58.5403	-6.3706	33.28
"E08000029"	41.3	48.5557	28.5	3.1	92.5554	1.6831	67.1624	-1.8797	43.84
"E08000030"	38.8	49.1302	16.9	3.8	90.1104	3.0442	60.6128	-3.0821	32.14
"E08000031"	38.5	49.4813	19.5	5.6	83.6101	3.4648	59.9787	-5.1583	37.43
"E08000032"	36.2	49.2164	21.8	5.6	82.8484	2.2913	65.8537	-5.3543	45.77
"E08000033"	39.6	48.8785	25	3.2	92.525	2.0226	65.6434	-1.8005	44.32
"E08000034"	38.4	49.3912	23.9	5.5	89.1973	1.9043	65.8282	-3.0033	45.33
"E08000035"	37.6	48.9611	26.9	9.7	88.5368	1.9356	65.2943	-4.8166	50.31
"E08000036"	40.2	49.0776	18.3	2.4	94.6087	1.8656	58.9227	-2.8717	33.64
"E08000037"	40.5	48.9346	21.5	3.9	95.0738	1.9692	63.227	-2.4298	43.15
"E09000001"	41.4	55.4712	68.4	6.2	63.322	1.0306	59.3275	-9.3231	75.29
"E09000002"	33.4	48.5377	20.9	7.2	69.0997	3.127	59.4854	-19.4269	37.56
"E09000003"	36.8	48.452	40.3	7.3	61.1388	1.713	67.9907	-8.3345	62.23
"E09000004"	38.8	48.1368	21.8	4.5	85.9352	1.7153	67.2892	-5.9312	37.05
"E09000005"	35	50.2765	33.3	9.1	44.9169	2.1482	63.3362	-8.5519	59.74
"E09000006"	39.9	48.0258	33.1	3.4	85.5381	1.5822	69.9707	-4.4789	50.65
"E09000007"	35.7	48.9634	50.5	13.6	57.5003	1.7649	64.5578	-5.7241	74.94
"E09000008"	36.4	48.4961	31.8	5.9	70.4209	2.2068	66.7047	-7.8369	54.29
"E09000009"	35.4	49.9854	37	7.6	51.7718	2.0177	67.6714	-10.9537	60.4
"E09000010"	35.9	48.2145	28.7	7	64.9248	2.3489	66.9545	-10.0093	55.82
"E09000011"	34.6	49.5858	33.2	8.8	69.0003	2.4137	64.4487	-12.9589	55.59
"E09000012"	32.4	49.5509	41.8	9	60.9209	2.8732	56.299	-4.6631	78.48
"E09000013"	34.7	48.7219	49.6	9	57.2373	1.8605	65.4592	-9.2174	70.02
"E09000014"	34.2	49.514	40.8	8.5	55.3996	2.2583	66.873	-7.5425	75.57
"E09000015"	37.6	49.3704	36.8	6.8	55.2201	1.6812	68.3925	-11.6999	54.63
"E09000016"	40.4	48.1423	19.4	3.4	89.7181	1.8074	67.5316	-4.6667	30.34
"E09000017"	36.4	49.5776	28	8.9	70.0379	1.7501	63.4101	-12.0922	43.63
"E09000018"	35.2	50.1648	34.6	7.4	56.7198	1.7438	63.9504	-13.6562	51.06
"E09000019"	34.5	49.1959	48.1	10.7	64.57	2.1738	66.1025	-5.7003	75.22
"E09000020"	37.8	49.2874	52.7	8.3	48.3697	1.8227	59.1578	-7.1661	68.69
"E09000021"	37	48.7961	41.4	10.2	71.7356	1.2192	74.0711	-8.6179	61.61
"E09000022"	33.7	49.7948	46.6	7.7	61.15	2.4498	61.8841	-7.5939	78.62
"E09000023"	34.6	48.9178	38	8.5	66.2591	2.4552	64.8275	-9.8358	69.86
"E09000024"	36.3	49.3332	41.1	6	62.2405	1.5461	69.6539	-11.5185	62.94
"E09000025"	31.3	52.0598	30.1	14.9	46.2914	2.4686	59.0281	-15.6059	52.84
"E09000026"	35.6	49.4939	33.9	7.6	63.0523	2.0642	61.4387	-12.7462	53.97
"E09000027"	38.3	48.7454	53	4.9	75.718	1.1322	77.0003	-4.7938	69.29
"E09000028"	33.7	49.4715	43.1	11.5	60.571	2.4257	62.9692	-9.1067	72.81
"E09000029"	38.3	48.6169	30.1	3.7	80.1437	1.5536	70.0515	-8.0142	46.28
"E09000030"	30.9	51.5183	41	12.1	56.932	2.5367	63.0843	-8.4046	67.46
"E09000031"	34.4	49.9402	30	8.3	61.3505	2.3343	63.3642	-13.445	59.1
"E09000032"	34.5	48.4197	53.6	6.8	64.6336	1.4737	67.9715	-8.4288	75.03
"E09000033"	36.7	50.8432	50.3	10	46.6768	1.7766	62.0479	-9.204	68.97
"N06000001"	39.7	47.8047	27.4	4	93.0417	1.8452	62.8307	-3.519	48.6048
"N06000002"	38.2	47.8948	18.7	4.6	94.2778	2.8399	59.214	-2.8002	50.3552
"N06000003"	36.8	48.6544	39	14.5	87.5559	1.6089	60.0012	-4.4532	69.4856
"N06000004"	35.5	47.3815	15	6	96.1143	3.0805	56.3488	-0.7065	74.0566
"N06000005"	39	48.6549	23.9	6	95.8997	1.8421	53.3298	-1.0812	44.8092
"N06000006"	38.1	49.4025	22.2	6.7	95.111	2.6009	51.8692	-0.8793	52.0257
"N06000007"	37.3	50.1273	21.2	4.3	87.7263	2.1095	72.5509	-5.5698	58.5572
"N06000008"	35.8	48.6831	21.8	6.9	92.7465	3.6897	52.8328	-0.5694	78.2641
"N06000009"	38.6	49.184	28.1	4.1	94.4184	1.4643	55.9296	-2.0624	46.9079
"N06000010"	35.5	50.0247	20.5	5.5	94.671	2.0673	60.3285	-3.0203	60.39
"N06000011"	36.4	49.6704	21.3	4.8	90.3933	2.8073	64.2472	-3.6987	62.9429
"N06000012"	38.8	49.2196	20.9	4	95.4347	2.056	55.2309	-2.3452	37.7755
"N06000013"	41	48.1329	30.3	3.8	94.6032	1.6463	55.9861	-0.9409	52.3598
"N06000014"	37	48.9671	24.3	4.2	95.0916	1.4724	54.1683	-2.0307	49.3605
"N06000015"	36.7	49.7643	23.9	4.8	94.4595	2.1963	56.7628	-1.9486	67.2439
"N06000016"	39.6	48.9225	23.1	4	96.2157	1.7616	52.768	-0.9643	44.4716
"N06000017"	36.7	49.2162	21.5	4.5	92.4532	2.2594	58.9795	-4.582	47.3828
"N06000018"	36.8	49.8898	20.2	4.7	93.1973	2.8378	60.5331	-1.5285	66.8473
"S12000005"	40.2	48.8103	21.9	3.1	95.8322	2.3523	74.7977	-1.7217	57.78
"S12000006"	43.6	48.5085	21.5	2.1	96.5313	1.6102	75.4308	-0.9769	53.06
"S12000008"	40.9	48.3754	17.9	3.7	97.7404	2.4462	71.5967	-0.6245	58.6
"S12000010"	41	48.0089	27	3.8	94.6819	1.4227	74.2492	-2.341	64.6
"S12000011"	41	47.6572	35.2	5.4	95.1907	1.3064	81.0637	-0.9923	74.32
"S12000013"	43.7	49.3715	26.4	2.1	97.0958	1.6556	73.2142	-0.8553	55.24
"S12000014"	40.1	48.8172	20.2	3	96.3741	2.0418	71.8432	-1.5879	56.76
"S12000015"	40.8	48.4513	23.8	5.6	94.3338	2.0827	70.5633	-2.3425	58.59
"S12000017"	41.9	48.8821	26.4	2	94.3256	1.3721	74.4947	-2.5813	55.95
"S12000018"	41.5	47.8603	19.7	4.7	97.3872	1.8097	75.1592	-0.1699	63.8
"S12000019"	40.4	48.1698	21.1	3	95.9717	1.5574	71.2059	-1.3992	62.06
"S12000020"	41.2	49.2427	22.7	2.3	94.7661	1.2995	68.7452	-1.5486	50.13
"S12000021"	41.6	47.6337	19.6	3.9	97.5055	2.9732	71.5297	-0.3342	56.88
"S12000023"	42.6	49.4918	26.5	1.5	96.679	0.8092	65.7791	-1.2114	63.16
"S12000024"	42.6	48.716	30.4	2.9	93.0263	1.0721	74.7998	-2.9692	61.09
"S12000026"	43.5	48.4412	27	2.6	94.7677	1.4774	74.6236	-2.3193	58.47
"S12000027"	40.1	50.7662	26.6	1.5	94.9411	0.6975	65.7791	-2.3347	56.51
"S12000028"	43.5	47.6352	25.1	3.6	96.5984	1.8967	72.008	-0.8324	58.96
"S12000029"	40.7	48.07	22	3.8	96.6068	1.9823	70.9719	-1.3513	63.08
"S12000030"	40.2	47.913	33.3	9.4	92.9128	1.4709	77.5403	-2.7514	67.72
"S12000033"	38.7	49.4279	33.2	11.9	84.0947	1.0522	69.2702	-9.6524	61.1
"S12000034"	40.4	49.5187	27	2.7	94.0519	0.8598	71.4746	-2.8067	55.01
"S12000035"	43.9	48.9304	28.9	2.1	95.1206	1.5378	75.3292	-1.413	60.57
"S12000036"	38.5	48.7519	41.4	12.3	84.1179	1.4364	72.9186	-7.541	74.44
"S12000038"	40.6	48.0876	23.1	5	95.7143	2.0317	75.8415	-1.7381	64.81
"S12000039"	40.3	47.6003	16.5	4.1	96.8651	2.6655	73.8946	-0.7403	61.99
"S12000040"	38.2	48.8562	21.5	3.2	94.3844	1.7618	70.1988	-2.7532	58.25
"S12000041"	42.4	48.4626	23.6	3.3	95.5026	1.5882	68.5437	-1.7825	55.26
"S12000042"	39.3	48.0118	24.8	13	91.0008	2.4084	69.4577	-4.0577	59.78
"S12000044"	39	48.3769	17.2	3.9	96.9994	2.4194	68.672	-1.291	61.66
"S12000045"	42.2	48.1624	34.8	5	95.7068	1.305	70.7959	-0.6274	71.4
"S12000046"	38	48.2222	25.9	10.8	87.761	2.6691	62.5952	-6.582	66.59
"W06000001"	43.4	49.1376	26.1	3.4	96.5492	2.0819	69.9373	-0.8445	49.06
"W06000002"	41.6	49.154	26.4	8.9	95.1466	1.3879	65.6763	-2.1712	58.05
"W06000003"	44.6	48.3815	25.5	3.1	95.6998	1.7569	65.6833	-1.0418	46.02
"W06000004"	42.4	49.0612	24.2	3.4	95.8585	1.6416	63.3638	-1.4079	46
"W06000005"	40.6	49.3404	22.4	2.9	95.7851	1.4431	68.1086	-1.6751	43.63
"W06000006"	39.8	49.7256	22.8	4.3	93.7202	1.7124	64.0222	-3.8451	40.96
"W06000008"	41.7	49.7787	27.9	15.3	93.9807	1.0208	68.9798	-2.3791	54.63
"W06000009"	42.9	48.8594	24.8	2.4	95.4304	1.4458	70.4794	-1.2137	42.86
"W06000010"	42.3	48.8837	23.9	3.3	95.8727	1.5181	68.186	-1.8616	46.25
"W06000011"	40.1	49.404	25.8	9.4	92.7902	1.4177	62.4455	-3.6702	48.49
"W06000012"	41.3	48.9586	18.8	2.9	97.428	1.6565	64.8218	-0.7389	43.16
"W06000013"	40.7	49.4252	22.6	2.9	96.4147	1.8073	65.021	-1.1523	45.36
"W06000014"	40.9	48.6971	29.8	3.2	95.1281	1.7677	67.3543	-1.2036	50.73
"W06000015"	36.5	49.0893	32.3	12.8	86.7182	1.6737	68.4006	-5.7639	60.02
"W06000016"	39.8	48.9036	19.6	5.2	96.8564	1.9367	61.8644	-1.2639	46.3
"W06000018"	39.5	49.0481	18.7	3	97.6477	2.226	61.2964	-0.7531	42.37
"W06000019"	40.5	49.1664	15.2	2.9	97.8486	3.0555	61.7181	-1.0297	37.97
"W06000020"	40.4	48.7313	20.3	2.9	97.3143	1.9196	66.2954	-0.7384	40.22
"W06000021"	43	49.1902	33.1	2.5	95.5805	1.2419	69.819	-1.2567	50.44
"W06000022"	38.8	48.979	23.4	5.1	91.5374	2.139	64.2313	-4.1155	44.01
"W06000023"	43.9	49.3946	26.3	2.1	95.7947	1.1398	70.865	-1.6371	46.26
"W06000024"	39.7	48.9626	17.8	3.6	95.5087	2.4944	62.6643	-3.0481	43.56
